A: 2077
2222 508
3113 768
9856 1018
9857 935
3114 892
3115 547
2224 493
9858 1191
9859 1076
2225 484
3116 794
19040 979
2226 654
3117 811
3118 567
2227 536
19041 908
2228 487
2229 506
19044 1006
19045 932
19048 1123
6192 724
23104 1213
6193 742
6194 856
6195 745
6196 787
12416 745
23108 1222
712 1099
6197 802
12417 755
9860 824
6198 903
12418 916
714 1222
6199 789
12419 910
9862 933
3120 562
3121 535
2230 582
9864 1060
9865 949
3122 723
2231 585
2232 741
9866 1219
3124 563
2234 886
3125 572
1344 1158
1345 1161
1346 1206
3128 809
3129 779
1348 1173
1349 791
19056 1031
19057 929
16385 418
16386 567
16387 597
16389 502
23112 1335
12420 796
13312 696
12421 737
3 277
13313 705
12422 951
12423 860
13314 866
23116 1334
12424 761
720 962
721 912
6 318
13316 746
7 345
722 1055
9872 930
3130 954
2240 806
9874 1032
2241 805
3132 805
728 1144
3133 491
2242 902
2243 710
1352 1308
1353 929
2244 817
1354 1340
3136 774
2245 764
19060 965
6800 953
3137 927
2246 841
2247 684
3138 966
1356 1318
3139 771
6802 1016
2248 1045
1357 838
2249 825
16390 638
19064 1144
6804 982
16391 619
16392 510
16393 521
16394 595
16395 611
16396 562
16397 565
16398 652
23120 1258
13320 822
23124 1256
12432 884
12433 883
730 1256
12434 1039
12435 1022
23128 1358
12436 924
12437 843
13328 834
12438 1063
8992 632
3140 951
736 879
737 855
2250 1090
3141 969
2251 845
738 1014
3142 871
3143 743
2252 1055
3144 1148
2253 816
3145 1166
2254 886
9888 950
9889 939
3146 1152
7700 1021
3147 905
2256 839
3148 1188
2258 926
19072 710
3149 1203
7704 1047
7708 1059
23136 1217
9890 1091
9891 1064
12448 649
744 1103
12449 697
3150 946
2260 816
3152 939
9896 964
3154 991
2264 1037
3156 973
2266 1106
1376 706
7712 804
1377 704
7713 802
7716 825
752 931
3160 1170
1380 494
3162 1170
2272 718
2273 532
3164 1199
1384 744
7720 842
2276 527
2277 540
3168 930
3169 943
7728 923
20481 832
20482 968
20483 976
20484 858
20485 894
20486 1017
20487 954
20488 892
20489 902
2280 595
2281 588
3172 967
768 622
3173 981
769 628
2284 608
3176 1168
3177 1178
2288 789
20490 982
20492 943
770 638
20493 933
20494 835
17920 819
17921 764
772 627
20496 951
17922 945
773 600
20497 969
20498 1095
17924 846
3180 1200
20499 1092
776 720
3181 1211
777 696
17928 871
3184 952
7744 1081
24064 1061
780 739
781 648
17932 884
784 707
785 662
17936 965
3192 1179
788 712
10304 776
17938 1075
10305 775
8640 1117
10306 840
10307 807
10308 831
10309 827
9536 1178
17940 987
21000 1063
21001 1042
10310 879
17944 1003
10311 843
10312 990
21004 1089
21005 988
10313 983
10314 1022
10316 1035
21008 1161
10317 1025
21009 1176
10318 1051
4098 648
4099 679
1025 372
1026 534
1027 540
1029 429
2912 1106
2913 784
2916 807
17952 779
21010 1225
21011 1201
10320 795
21012 1194
21013 1206
400 622
10322 855
21014 1242
21015 1115
10324 839
21016 1191
21017 1078
10326 883
10328 987
1030 549
1031 499
1033 610
1034 746
1035 671
1036 636
1037 657
4700 1267
1038 751
1039 675
2920 811
4704 1024
4705 1030
4708 1057
4709 1060
21020 1212
21024 1071
21025 1086
21026 1056
21027 974
10336 804
21028 1111
10337 795
21029 1123
10338 852
10339 811
1040 441
1041 447
1042 622
1043 625
1044 457
1045 451
1046 632
1047 521
1048 663
1049 621
4712 1196
4713 1144
4716 1219
4717 1164
21032 987
10340 831
21033 972
10341 843
10342 847
21036 1003
10344 1010
10345 995
10346 1026
14900 1013
10348 1027
10349 1033
24704 622
24705 631
1050 812
1051 704
24706 761
24707 754
1052 669
1053 656
24708 672
1054 745
6500 676
1055 686
1056 378
1057 400
4720 1109
4721 1112
1058 550
1059 553
4724 1131
4725 939
4728 1259
28672 968
28673 972
28674 1108
21040 1189
28675 1096
21041 1201
21042 1095
28676 1013
28677 942
10352 812
28678 1137
21044 1218
28679 1034
21045 1227
10354 856
25600 588
24710 795
21048 1093
25602 737
14912 1129
1060 430
1061 453
14916 1141
1062 397
1063 423
1064 614
1065 630
1066 754
1067 500
1068 656
4732 1271
1069 673
4736 819
4737 828
28680 793
4738 930
4739 923
28688 1091
28689 1084
21056 1171
21057 1087
24720 771
24721 737
14920 1257
24722 894
10368 573
16704 1070
16705 1051
10369 576
24724 778
1070 531
448 1097
25616 609
1071 543
449 770
1072 457
16708 1092
8300 960
1073 460
8301 969
14928 1187
1074 634
1075 607
1076 463
8304 774
1077 475
4740 869
8305 787
1078 501
5632 818
4741 808
8306 850
1079 509
4742 964
5633 794
4743 871
8307 847
5634 880
8308 749
4744 843
5636 855
5637 792
28690 1215
28691 1192
28692 1125
28693 1032
28694 1233
21060 1185
21061 1020
28695 1108
10370 746
10371 562
450 1145
10372 543
21064 1305
17600 1147
11264 642
10373 520
11265 645
452 811
10374 654
17602 1268
11266 798
10375 599
11267 627
21068 1309
16712 1192
10376 816
10377 657
11268 576
14932 1188
10378 956
456 1248
11269 547
457 774
10379 733
458 1280
16716 1204
1080 671
24736 586
17608 1355
1081 641
1082 816
1083 635
1084 667
8312 935
1085 676
5640 898
5641 832
7424 760
7425 758
1089 858
4752 957
4753 955
5644 921
5645 830
4754 1052
4755 1034
7428 799
4756 996
4757 913
5648 965
5649 938
4758 1075
11270 668
11271 607
10380 698
21072 1227
10381 643
21073 1121
11272 884
11273 721
10382 774
18500 918
10383 687
17610 1460
11274 1024
18501 921
11275 797
16720 1081
18502 966
10384 606
21076 1230
11276 794
11277 705
10386 751
18504 1074
18505 1015
11278 838
11279 749
18506 1106
10388 538
17616 1190
1090 994
18508 1116
1091 736
17618 1300
18509 1054
1092 884
8320 527
1093 905
8321 522
1094 999
1095 699
8322 734
8323 697
1096 904
7432 885
1097 1103
8324 532
9216 542
1098 1226
8325 474
5652 997
1099 863
5653 912
9217 548
8326 632
9218 714
8327 585
8328 678
9219 717
8329 594
5656 1031
5657 928
4768 795
4769 767
21080 1339
11280 675
29200 1281
29201 1253
11282 820
18510 1132
21084 1332
10392 838
29202 1329
29203 1285
10394 967
29204 1294
18512 943
18513 846
29205 1159
18514 991
21088 1179
29206 1326
17624 1387
21089 975
11288 906
18516 984
17626 1481
18517 884
16736 1029
18518 1016
9220 547
8330 818
9221 483
8331 725
9222 608
8332 635
9223 559
9224 746
8333 592
5660 1049
4770 823
9225 659
8334 727
8335 652
9226 886
9227 751
8336 588
8337 544
9228 700
5664 796
8338 791
9229 655
5665 784
8339 708
5668 807
5669 806
1700 695
11290 1035
21092 1189
1704 895
1705 749
1706 876
18520 1129
18521 1026
18522 1145
1708 772
11296 654
18524 1160
29216 1183
29217 1090
11298 806
29218 1055
18528 878
18529 807
9230 792
9231 715
8340 506
8341 469
9232 586
9233 463
8342 645
9234 747
20800 1201
8344 700
20801 1138
5672 832
8346 829
5673 822
20804 1201
4784 886
5676 845
20808 1279
2600 666
2601 688
2602 707
2603 660
1712 835
1713 833
2604 711
2605 715
1714 976
29220 1131
1715 958
2606 696
2608 691
18532 926
2609 712
18533 852
18536 1078
18537 1001
9240 768
14976 980
9242 897
14978 1043
8352 537
5680 905
8353 565
5681 898
8354 712
8355 724
8356 483
5684 927
9248 558
8357 499
11904 1024
9249 561
8358 594
11906 1063
8359 594
5688 943
2610 733
1720 849
2611 683
2612 725
2613 730
2614 729
2615 728
2616 733
18540 1033
29232 1209
2617 740
18541 1036
2618 759
1728 1139
18544 951
14980 1000
18545 850
100 634
18548 988
101 687
18549 884
102 700
103 719
9250 726
8360 686
9251 677
104 724
8361 593
105 866
9252 450
22600 1293
8362 822
106 962
22601 1146
9253 449
12800 934
8363 738
107 882
22602 1309
9254 544
12801 940
108 900
12802 1080
11912 1148
9256 754
109 929
22604 1313
12803 1086
9257 547
22605 1163
12804 981
9258 890
11914 1251
12805 984
8368 576
9259 691
12806 1095
8369 593
12807 996
22608 1195
5696 1052
12808 773
22609 1010
4400 685
4401 614
2620 753
2621 758
1730 1262
4404 632
2624 846
2625 861
2626 910
2627 875
1736 1349
2628 900
1738 1456
18552 1065
2629 912
18553 1022
18556 1054
29248 1191
14992 1076
110 916
112 694
113 727
8370 747
114 790
8371 748
115 807
22610 1227
8372 478
116 729
9264 527
22612 1214
11920 955
117 753
12812 785
9265 543
22613 1026
118 777
9266 697
22614 1230
119 785
22616 1337
12816 1069
7488 855
12817 1072
12818 1165
12819 1160
3520 1186
2630 948
2631 910
2632 1058
2633 1067
2634 1090
4416 1132
4417 1141
1744 1184
2636 1102
1746 1296
3528 1263
18560 585
2637 1108
2638 1118
18561 479
18562 712
18563 542
18564 645
18565 536
19456 600
19457 539
18566 756
120 915
19458 753
19459 570
121 921
18568 771
18569 600
122 1024
123 937
124 955
22620 1346
125 973
126 971
12820 1105
12821 1016
8384 926
12822 1185
8385 770
22624 1137
129 284
12823 1064
12824 831
22625 844
8386 1066
8387 833
8388 765
22628 1163
11936 948
6200 819
12828 832
6201 822
4420 1155
4421 1161
5312 1121
5313 893
6204 857
2640 923
5314 1243
6205 812
2641 898
2642 971
4424 1256
1752 1383
2643 914
5316 934
4425 1259
5317 914
6208 890
2644 966
1754 1479
2645 938
6209 949
2646 998
4428 1269
19460 632
18570 908
19461 565
4429 1013
19462 706
2648 1113
2649 1082
18572 641
19464 839
19465 771
19466 976
18576 700
18577 550
130 464
19468 866
19469 603
18578 811
131 470
132 314
9280 994
133 339
9281 691
8390 714
134 479
9282 1134
135 464
9283 735
8392 1155
136 412
8393 774
137 524
9284 904
8394 1279
138 678
12832 950
139 606
9286 776
12833 953
8396 815
12834 1006
9288 1222
12835 992
9289 835
12836 993
6210 1018
12837 918
6211 905
12838 1013
5320 1330
5321 970
12839 942
6212 972
5322 1436
6213 999
2650 1129
6214 1055
4432 1165
4433 1126
6215 939
5324 1011
1760 1143
6216 1132
2652 1146
2653 1112
6217 1153
4436 1177
6218 1196
5328 1165
2656 874
18580 749
2657 886
2658 921
19472 679
19473 502
2659 878
18582 844
19474 807
18584 825
19476 705
18586 951
140 538
141 541
142 683
9290 1346
143 612
16401 601
144 413
16402 737
16403 724
22640 1199
145 398
9292 876
146 636
16404 627
147 573
16405 648
148 423
16406 765
9296 1016
149 414
16407 724
16408 661
9298 1145
16409 629
6220 1175
5330 1276
6221 1193
12848 1081
4440 1267
6222 1223
12849 1072
6224 1021
2660 924
6225 1027
2661 933
2662 914
6226 1101
5336 1363
6227 944
6228 1063
2664 1078
6229 1066
2665 1084
2666 1093
19480 893
4448 1028
4449 734
19482 1019
2668 1118
18592 493
2669 1121
19484 877
18594 556
19488 540
150 641
19489 525
151 541
152 595
16410 751
16411 502
153 538
154 744
16412 697
155 639
16413 662
16414 660
156 600
12850 1101
157 554
12851 1076
158 680
12852 1113
16416 431
159 623
16417 473
12853 944
16418 579
12854 1117
16419 605
22656 941
22657 747
6230 1127
22658 1052
6232 1209
6233 1110
6234 1257
4452 721
4453 766
6236 1241
2672 939
6237 1139
2673 906
4456 671
6238 1273
2674 971
2676 970
2677 942
19492 528
19496 775
160 292
161 319
162 480
16420 514
163 483
16421 532
164 318
16422 646
165 333
16423 525
22660 979
166 407
23552 910
16424 522
22662 1074
23553 910
167 427
16425 527
23554 1002
168 530
169 408
22664 793
12864 1084
23556 951
16428 570
23557 931
12865 1006
16429 553
12866 1100
6240 946
12868 1101
6241 973
2680 1121
6244 995
2681 1082
6245 1019
4464 702
2684 1114
6248 1148
2685 1108
6249 1169
2688 625
2689 606
170 686
171 505
172 439
173 468
174 471
23560 992
16432 613
175 484
23561 948
16433 631
176 441
16434 745
16435 736
22672 1045
177 478
12872 1224
178 632
23564 997
16436 653
179 653
22674 1140
16437 668
16438 769
22676 1072
16439 618
12876 1231
23568 995
22678 1151
6252 1187
6253 1205
2690 826
2691 628
6256 1037
2692 617
6257 1040
3584 618
2693 596
9920 1258
2694 728
3585 639
9922 1361
2695 671
3586 782
3587 568
2696 761
3588 664
2697 677
3589 651
2698 900
9928 1448
180 423
181 448
16440 649
1408 792
182 550
1409 561
16441 666
183 559
184 603
185 520
186 748
12880 1153
27136 813
23572 940
16444 675
187 681
16445 687
12881 1053
27137 668
27138 861
12884 1159
23576 1003
16448 781
16449 790
6260 1075
12888 1271
6261 1030
20500 1005
20501 1020
3590 678
20502 1133
6264 1217
20503 1048
6265 711
20504 979
3592 829
20505 978
3593 811
20506 871
9930 1535
5376 717
3594 968
5377 717
6268 1245
20508 1019
3596 858
20509 1008
3597 837
1410 840
1412 542
2304 538
2305 568
2306 570
1416 939
27140 849
1417 638
27141 644
2308 592
1418 971
16450 861
27142 881
192 464
2309 610
16451 831
193 772
27144 773
194 926
16452 838
195 706
16453 844
16454 902
196 786
16455 818
197 789
23584 725
198 931
16456 1001
199 639
16457 1004
16458 1049
20510 874
5380 758
5381 754
6272 670
20512 844
6273 673
20513 864
6274 829
6275 705
20514 976
5384 859
5385 842
6276 731
20515 980
6277 730
20516 905
7168 710
6278 874
20517 920
7169 733
6279 746
5388 883
20518 1021
20519 770
3200 639
3201 706
3202 860
2312 768
3203 701
2313 783
3204 720
2314 694
3205 723
3206 865
3207 687
2316 793
3208 837
2317 799
3209 948
27152 904
16460 1048
27153 658
16461 989
16462 1080
27154 936
27156 929
16464 869
16465 872
16466 933
27158 945
16467 881
16468 915
16469 846
7170 782
7171 765
6280 800
20520 781
7172 774
6281 810
20521 733
7173 789
6282 882
6283 826
7174 826
7175 805
6284 851
800 663
20524 807
6285 853
7176 900
801 655
20525 754
6286 867
7177 912
7178 950
7179 885
6288 807
804 653
6289 661
20528 983
805 635
3210 1089
20529 998
2320 580
3211 874
4102 720
2321 318
3212 960
4103 726
808 719
3213 784
809 692
3214 915
4105 640
2324 614
3215 832
4106 704
3216 777
4107 721
3217 638
4108 662
3218 926
4109 721
2328 728
3219 723
16470 963
16472 1067
16473 967
16474 1099
16476 1103
27168 746
16477 1000
16478 1119
7180 928
6290 950
7181 937
6291 740
7182 926
20530 1099
20531 854
6292 857
6293 708
20532 1033
7184 760
7185 706
6294 984
20533 1045
20534 832
6295 771
7186 902
20535 820
6296 837
812 715
20536 855
7188 809
20537 850
7189 751
6298 926
4110 762
4111 753
3220 782
816 705
817 685
3221 634
3222 764
4113 643
2332 457
4114 808
3224 1011
4115 828
3225 816
4116 666
3226 1144
4117 717
3227 885
2336 571
4118 869
27170 835
2337 584
3228 857
4119 872
16480 797
16481 800
16482 800
16483 805
16484 850
16485 794
16488 1009
16489 935
7190 935
20540 876
31232 1145
7192 944
20541 866
7193 688
31233 855
7194 994
31234 1177
31236 1159
20544 1066
7196 961
20545 1072
20546 1130
31238 1175
20547 1056
20548 1101
4120 686
3230 926
4121 708
20549 1104
2340 608
4122 850
4123 856
3232 712
2341 622
3233 480
4124 749
3234 868
4125 753
3235 496
2344 780
4126 897
4127 636
2345 791
3236 500
3237 519
3238 516
4129 522
2348 760
2349 768
16492 1052
27184 767
16493 975
16496 881
16497 865
16498 871
20550 1149
20552 1242
20553 1114
10752 770
20554 1274
10753 788
832 1104
10754 954
10755 741
31248 1225
20556 1267
833 1107
20557 1120
10756 799
20558 1283
4130 668
10757 801
3240 953
4131 695
836 1086
10758 974
3241 599
10759 781
4132 537
837 1062
3242 1093
4133 603
2352 593
4134 736
3244 619
4135 739
3245 624
4136 642
4137 671
2356 399
3248 785
6912 832
6916 856
31250 1241
31252 1228
20560 1143
20561 1079
10760 822
20562 1191
10761 802
20563 1095
840 1188
10762 1010
10763 721
20564 1167
841 785
20565 1032
10764 813
20566 1199
10765 736
10766 814
844 1202
20568 1297
4140 712
20569 1109
3250 930
4141 733
10768 856
10769 678
848 1137
849 1100
4144 591
1472 1260
4145 692
1473 766
4146 824
1474 1292
3256 1015
4147 840
4148 733
4149 754
2368 1044
2369 1062
8705 764
8706 948
8707 957
8708 775
8709 789
6928 966
17000 1089
17001 1015
17004 1049
13440 777
20570 1313
10770 845
20572 1311
10771 763
17008 1018
17009 1007
14336 714
10772 876
10773 723
14337 717
10774 877
14338 870
852 807
10775 792
14339 744
20576 1078
20577 1028
10776 725
4150 881
10778 849
4151 834
2370 985
4152 688
1480 1393
4153 712
2372 1084
9600 812
1482 1409
3264 1085
2373 1099
3265 825
4156 747
8710 968
3266 1112
8711 971
4157 768
3267 857
2376 1200
8712 810
2377 1212
3268 1095
8713 792
3269 808
8714 1004
8715 931
8716 803
8717 598
8718 676
17012 1003
17013 901
14340 772
14341 751
14342 912
17016 1107
14343 783
20580 1109
20581 851
10780 706
14344 784
14345 751
14346 860
20584 1246
14348 817
10784 804
28704 976
10785 819
28705 976
10786 812
864 1116
10787 744
28706 1112
4160 728
865 1093
28707 771
3270 898
4161 866
10788 828
2380 1230
4162 948
10789 827
28708 1017
28709 742
4163 920
3272 1310
2381 1239
868 1060
3273 958
4164 792
869 730
3274 1285
4165 921
3275 974
2384 1066
8720 850
4166 990
4167 909
3276 1315
8721 859
3277 900
4168 934
8722 1047
3278 1015
4169 1082
8723 1053
2388 1095
8724 870
8725 873
8726 1062
8727 985
8728 799
14350 877
17024 867
17025 814
14352 848
14353 690
17026 994
17027 909
14354 988
10790 790
28710 791
14355 766
10791 780
20592 1151
17028 743
20593 909
14356 895
10792 818
10793 704
14357 734
10794 842
14358 1019
872 1183
20596 1171
14359 794
873 787
10796 740
10797 731
4170 1138
4171 1022
3280 1049
876 810
4172 1106
3282 1134
4173 1127
4174 1170
8730 711
4176 946
4177 955
8732 568
4178 1042
4179 992
3288 1227
1100 1127
1101 1145
1102 922
8736 780
1103 819
8737 801
1104 911
8738 968
1105 869
8739 974
1106 1060
17030 806
1108 917
14360 863
14362 923
14364 885
28720 1095
28721 1012
14366 929
880 1101
28722 839
14368 726
14369 720
28724 1053
10400 585
4180 993
10401 483
3290 1296
4181 999
4182 1073
10402 737
4183 959
10403 562
10404 529
4184 1146
4185 1149
10405 539
4186 1210
10406 608
8740 810
3296 587
10407 602
8741 821
3297 580
10408 824
4188 1183
8742 973
4189 1084
8743 931
8744 794
8745 815
8746 946
1112 1148
8747 940
1114 1281
8748 824
8749 593
1116 1149
17040 1014
17041 939
17042 1125
17043 1018
14370 878
14371 752
17044 848
14372 780
14373 771
14374 916
14375 787
4190 1231
28736 1106
10410 960
21104 1231
28738 1150
4192 864
11304 892
4193 894
4194 776
11306 1028
10416 506
4196 918
4197 945
8752 870
8753 876
1120 862
8754 1063
1121 878
8755 1066
1122 1002
8756 875
1123 621
8757 848
1124 904
6976 927
8758 1000
8759 802
1125 921
1128 1106
1129 1119
17056 829
17057 833
14384 856
28740 1121
14385 717
17058 924
17059 912
14386 992
14388 899
18944 807
18945 813
18946 757
18947 681
18948 846
18949 849
8760 541
1130 1230
1132 1143
1133 1157
8768 981
8769 984
1136 919
1137 889
1138 1064
18950 797
25088 924
28752 1163
18951 718
25089 865
18952 863
18953 804
21120 1073
21121 1059
21122 1136
18956 888
18957 819
10432 886
21124 1100
10433 682
22016 1043
10434 973
10436 723
514 644
8770 1077
8771 1011
11328 950
515 656
11329 743
8772 938
8773 895
517 523
1140 915
8774 986
518 669
8775 911
519 675
8776 1083
8777 1037
1144 1152
8778 1157
5700 1059
25090 1109
25091 1018
17072 954
17073 947
5704 1257
25092 934
17074 1033
25093 780
17075 1010
25094 1114
25095 812
25096 635
18960 965
18961 968
18962 852
22020 1065
18963 752
11330 1038
18964 999
10440 1068
18965 990
18966 881
11332 784
22024 1081
10442 1144
520 546
521 591
18968 1007
18969 926
21136 1178
522 714
523 681
11336 1132
8780 1112
524 616
8781 1063
11338 1208
525 623
8782 1128
526 620
527 554
8784 1014
8785 958
529 637
8786 1099
1152 488
8787 979
1153 606
8788 915
1154 773
1155 776
1156 622
1157 628
5712 1075
1158 783
1159 636
18972 1027
18973 743
22032 1167
18976 811
18977 818
530 815
18978 755
531 824
18979 681
532 595
533 686
534 835
535 838
8792 1049
536 691
2050 330
537 693
2051 336
1160 736
538 871
539 816
1161 810
1162 951
1163 825
2054 414
2055 417
1164 822
1165 746
2057 373
1166 866
2058 594
1167 795
2059 597
1168 685
1169 688
18980 823
18981 830
18982 727
18984 819
18985 820
540 746
18988 834
541 714
18989 714
542 642
546 668
547 682
1170 850
2061 507
548 526
1171 671
2062 604
549 583
2063 561
1172 695
2064 269
8400 948
1173 578
2065 313
1174 855
1175 647
8402 1077
2066 467
2067 470
1176 873
1177 762
2068 381
1178 1006
2069 399
1179 847
8408 1166
18992 963
18993 931
18994 837
18996 951
18997 950
550 678
551 692
552 600
553 642
554 696
555 710
556 665
2070 525
557 669
558 558
1180 803
2071 495
1181 742
2072 517
2073 523
25728 800
1182 888
2074 671
2075 555
1184 613
1185 616
2076 581
9304 1233
1186 785
2077 584
1187 549
2078 676
2079 600
1188 451
8416 934
1189 476
8417 785
8418 1070
560 631
561 682
562 835
563 841
564 695
26624 623
565 712
26625 505
566 840
26626 747
567 825
2081 204
18608 596
26627 565
1190 483
568 697
1191 492
2082 350
26628 680
569 724
2083 364
26629 559
1192 815
1193 553
2084 244
1194 955
9312 1002
2085 307
1195 569
2086 426
9314 1138
1196 584
2087 441
8424 1159
2088 364
1197 595
1198 600
2089 497
4864 803
4865 785
4868 833
570 831
571 834
26630 788
26631 603
572 737
26632 688
19504 647
573 742
10496 567
26634 732
576 684
2090 606
26636 720
577 825
2091 529
578 913
579 887
2092 533
9320 1226
2093 565
2094 565
2095 581
2096 349
2097 373
5760 837
2098 493
2099 485
4872 851
6656 786
6657 807
6658 882
6659 813
11392 860
11393 685
29312 1196
580 836
11394 1000
26640 735
581 850
11395 761
26641 573
582 882
583 847
26642 843
11396 726
11397 663
26643 617
18624 883
12288 660
584 983
11398 802
26644 781
12289 687
585 995
11399 707
18626 916
26645 616
586 1038
587 993
26646 873
588 1032
26648 745
589 1041
6660 843
6661 861
4880 943
6662 923
6663 851
6664 866
6665 857
8448 535
6666 867
4884 968
8449 545
6668 901
6669 886
2700 702
12290 848
12291 859
2704 789
2705 626
12292 728
19520 998
12293 734
2706 974
590 1064
2707 705
12294 900
19522 981
2708 721
12295 903
18632 1011
2709 674
12296 662
592 911
12297 675
19524 1020
593 920
12298 722
594 1007
595 959
596 931
26656 627
19528 1217
597 934
598 943
26657 479
599 886
26658 600
8450 595
8452 545
9344 777
9345 780
6672 941
9346 933
6673 950
8456 697
9347 769
6674 999
6675 863
9348 667
8458 741
10 456
9349 616
6676 985
11 459
6677 991
6678 1029
4896 803
6679 890
13 378
14 476
3600 745
2710 816
15 475
3601 691
2711 737
3602 929
2712 839
18 361
3604 764
19 464
3605 711
2714 945
18640 848
3608 885
3609 694
19532 1234
26660 608
19536 1009
200 878
201 1018
202 1159
203 802
9350 759
9351 676
204 1030
9352 947
205 787
9353 809
30720 976
206 961
6680 1011
207 760
30721 770
9354 1071
6681 978
9355 885
208 843
30722 1084
209 709
30723 814
9356 850
9357 771
30724 1011
6684 1041
6685 952
30725 802
9358 926
9359 815
30726 1103
21 312
30728 931
22 479
6688 822
23 488
6689 840
24 379
3610 1013
25 385
2720 621
26 533
3612 869
2721 624
27 479
2722 696
2723 634
28 443
29 446
2724 647
2725 610
3616 662
2726 680
3617 680
3618 751
2727 673
2728 769
2729 705
26672 663
26674 663
210 992
211 772
212 848
9360 810
214 804
9362 955
216 1081
6690 838
6691 820
218 1214
6692 875
6693 890
6694 860
9368 958
6695 854
30736 1077
30 538
6696 867
31 497
30737 827
6697 870
30738 1169
34 292
3620 703
35 341
2730 904
3621 687
2732 728
38 338
3624 837
39 359
3625 810
3626 972
2736 689
2737 637
3628 862
2738 784
3629 832
2739 700
26688 906
8480 547
224 778
8481 553
225 679
226 934
30740 1101
227 725
30742 1177
228 669
9376 789
229 503
9377 637
23616 1129
9378 941
9379 778
41 359
6300 862
42 468
12928 1002
43 391
12929 991
44 395
2740 683
6304 595
45 427
2741 681
6305 637
46 427
3632 709
3633 681
47 443
2742 746
3634 803
6308 548
49 301
2744 821
3636 726
26690 950
26692 938
16896 643
232 1023
16897 786
233 669
9380 501
16898 909
234 1163
23620 1129
16899 858
236 579
12930 1097
9384 951
237 584
12931 1070
9385 651
23624 1326
30752 904
12932 1032
9386 798
12933 931
13824 952
12934 1111
50 479
23628 1321
7200 668
51 517
7201 683
52 321
6312 589
53 375
3640 889
54 499
7204 697
55 532
7205 709
56 416
57 425
2752 863
58 541
7208 904
59 559
2754 914
7209 916
3648 990
3649 969
240 851
241 761
18688 639
18689 510
242 996
16500 923
243 824
16501 822
9392 594
16504 1071
16505 967
248 1085
16508 1001
12944 1120
12945 1098
16509 996
60 461
12946 1199
12947 1161
61 482
7212 669
62 493
12948 1139
63 498
7213 669
3650 979
2760 1009
7216 659
66 704
3652 1014
7217 667
67 707
3653 990
69 524
3656 1211
3657 1187
2768 846
18692 661
19584 815
19585 628
19586 952
18696 763
27200 991
19588 669
16512 527
16513 556
16514 686
12950 1202
257 505
16515 699
258 555
16516 597
16517 576
17408 503
17409 509
16518 740
16519 687
7220 685
70 720
7221 688
71 705
5440 1180
5441 812
73 721
7224 711
74 954
3660 1230
7225 705
75 862
76 762
5444 853
77 897
6336 973
7228 723
6337 845
3664 1001
78 959
79 913
6338 1052
5448 947
19592 1037
19594 1158
260 525
261 546
17410 672
262 541
17411 651
16520 633
16521 570
17412 550
264 630
17413 541
16522 770
16523 629
265 675
17414 692
266 721
17415 637
16524 611
17416 704
17417 639
16526 670
268 697
269 712
17418 838
17419 694
30784 1149
16528 696
16529 682
80 649
81 675
6340 1009
6341 878
82 781
7232 1060
83 755
6342 1072
7233 1069
84 707
85 713
6344 1149
6345 926
86 787
7236 1083
87 745
7237 1089
88 882
89 885
6348 967
17420 736
272 530
17421 668
16530 839
273 538
16531 809
17422 735
274 566
16532 723
16533 680
17424 649
17425 634
276 558
16534 850
277 329
16535 775
17426 791
17427 760
16536 710
16537 561
20992 1039
17428 681
16538 813
17429 630
20993 1057
20994 1119
90 1020
7240 1280
20995 1106
91 901
20996 1083
7241 1286
9024 1144
92 941
20997 1098
6352 1055
93 941
20998 1147
20999 1042
94 989
7244 1298
3680 994
6354 1118
3681 964
7245 1301
97 617
6356 1080
98 716
7248 1093
3684 988
99 708
3688 1210
280 679
17430 801
16540 602
17432 755
284 708
17433 626
17434 881
16544 531
16545 556
17436 758
16546 658
288 507
289 533
16547 667
22784 881
16548 465
16549 478
22788 770
7252 1105
10800 744
10801 686
10802 845
7256 1302
10803 755
10804 732
10805 727
10806 801
10807 748
20608 927
20609 934
10808 679
2400 1064
2401 1074
2404 1096
2405 1107
2408 1212
17440 483
2409 1216
17441 507
292 545
16550 528
17442 609
293 562
17443 617
23680 959
17444 510
296 677
17445 529
22792 850
297 687
17448 644
24576 571
17449 545
24577 597
24578 748
24579 737
7260 1309
20610 1070
20611 1061
7264 636
20612 975
20613 910
21504 880
20614 1102
21505 886
20615 1005
21506 1022
21507 1012
20616 941
21508 927
10816 966
10817 923
21509 913
3300 600
10818 1014
10819 939
2412 1234
3304 657
2413 690
2416 1075
16560 678
17452 548
16561 692
24580 638
16562 789
24581 611
16563 787
24582 778
16564 568
24583 719
24584 550
17456 629
17457 642
24586 594
17458 739
24588 582
21510 1053
10820 1000
21512 946
10821 954
21513 938
10822 1032
20624 1053
20625 1049
10824 1138
21516 979
21517 951
10825 1089
20626 1180
20627 1160
10826 1154
20628 1090
4200 1078
10828 1162
20629 1003
4201 1102
10829 1110
4204 1122
4205 1143
4208 966
4209 972
1536 564
17460 651
1537 591
1538 770
1539 729
17464 667
24592 737
24593 720
24594 877
24595 844
16576 881
24596 761
16578 1018
24597 712
24598 885
24599 804
21520 1005
21521 1000
20630 1201
20631 1082
21522 1131
21523 1110
10832 943
21524 1041
21526 1151
10836 924
21528 947
4212 1009
4213 1012
1540 616
2432 623
1541 615
2433 500
1542 660
2434 639
1543 609
4216 1158
4217 1113
1544 692
2436 541
1545 699
3328 712
1546 830
1547 757
3329 715
16580 855
1548 726
17472 949
1549 708
17473 881
17474 1086
16584 1107
17476 976
16586 1228
14400 1002
14401 969
14402 1078
20640 701
20641 704
14404 1035
21532 960
20642 764
14406 1095
20644 724
7296 812
21536 707
14408 1172
7297 818
21537 709
7298 926
7299 834
4220 1191
4221 714
3330 698
10848 973
10849 922
2440 819
1550 733
3332 724
3333 587
4224 610
4225 640
1552 733
4226 801
1553 702
3336 949
4227 815
1554 923
1555 860
3337 766
4228 681
4229 669
1556 734
17480 1174
1557 693
1558 769
17482 1295
16592 935
17484 1196
16594 1061
17488 1003
14410 1216
21540 729
14412 1195
25104 1049
8193 369
25105 968
8194 564
10850 1005
25106 1185
8195 576
25107 1072
21544 745
10852 958
14416 1081
8196 380
25108 1016
10853 949
8197 399
25109 860
14418 1141
8198 589
20656 772
8199 595
10856 1137
5120 638
10857 1080
4230 856
5121 667
3340 877
5122 756
4231 805
3341 740
4232 741
5123 769
5124 708
4233 757
1560 789
5125 729
4234 843
1561 730
4235 843
5126 810
1562 965
1563 874
5127 761
4236 798
4237 806
5128 802
1564 800
1565 731
4238 884
5129 817
4239 822
17490 1129
1568 614
17492 987
1569 638
17496 1217
17498 1327
25110 999
25111 876
14420 1103
14422 1147
21552 831
10860 1112
14424 1229
10864 897
5130 850
5131 849
4240 769
5132 858
4241 788
5133 865
4242 944
5134 890
4243 947
1570 744
1571 754
5135 881
4244 829
5136 724
1572 661
4245 788
4246 988
5137 742
1573 657
8800 993
8801 958
1574 618
4247 915
5138 898
5139 900
8802 1019
4248 811
4249 816
8803 1006
1576 704
8804 900
1577 732
1578 834
8805 894
1579 768
8806 916
8808 1086
8809 1032
25120 928
25121 881
25122 1033
25123 1018
25124 853
25125 707
25126 807
20672 1083
21568 1102
5140 783
5141 740
4250 972
3360 404
4251 961
5142 941
3361 420
5143 866
4252 857
5144 819
1580 755
5145 770
1581 723
4254 1002
3364 440
5146 926
5147 914
8810 1102
4256 543
4257 591
5148 841
1584 717
5149 771
8812 1066
4258 610
1585 732
3368 529
8813 1054
4259 637
1586 875
1587 874
1588 713
1589 718
8816 966
8817 935
8818 987
21572 1107
25136 983
10880 922
25137 973
10881 696
28800 1002
28801 989
25138 1087
10882 1107
25139 1061
10883 775
28802 1125
21576 1305
10884 800
10885 735
11776 878
28804 1030
11777 556
10886 895
5150 955
10887 798
4260 610
11778 1062
4261 655
5152 642
10888 972
4262 640
5153 594
5154 560
4263 645
4264 560
4265 572
1592 751
5156 612
1593 746
5157 657
1594 889
4268 592
1596 746
25140 879
21580 1305
11780 750
10890 1019
21584 1113
11784 968
11786 1087
10896 700
5160 772
28816 1108
5161 787
10898 824
4272 677
4273 673
5164 801
5165 813
4274 698
4275 736
4276 681
5168 678
4277 726
4278 717
5169 643
2496 1095
8832 910
4279 711
8833 863
1200 697
8834 1101
1201 568
8835 1022
1202 858
8836 788
1203 725
8837 731
9728 866
9729 817
1204 459
8838 915
1205 466
8839 826
1206 568
1208 877
1209 596
25152 1004
25156 963
14464 765
11792 769
14466 904
11794 893
14468 806
5172 661
5173 670
3392 1188
3393 872
5176 695
9730 1056
5177 695
9731 975
8840 966
8841 891
3396 1198
9732 740
3397 826
9733 681
4288 904
8842 1143
8843 1036
2100 419
4289 874
9734 866
1210 750
8844 656
2101 455
1211 739
2102 531
9736 922
9737 845
2103 551
2104 554
9738 1098
9739 989
2105 563
8848 943
8849 874
2106 679
2107 595
1216 946
1217 1058
2108 599
1218 1199
2109 620
1219 818
15360 730
14470 929
25168 994
5180 713
11400 1085
5181 708
11401 854
4290 999
4291 937
11402 1209
11403 914
4292 945
4293 841
11404 895
5184 1010
11405 804
4294 1024
5185 1022
9740 746
11406 955
5186 1060
4296 1092
8850 1123
8851 982
4297 897
11408 882
5188 1038
4298 1203
5189 1047
8852 746
2110 631
9744 863
2111 636
8854 784
1220 1070
1221 783
9746 1033
8856 773
2113 456
1222 871
1223 768
2114 748
2115 723
1224 1286
1225 917
1226 1414
2117 725
1227 949
2118 807
2119 779
1228 1296
1229 871
17152 790
14480 882
14482 1005
14484 912
18048 903
12300 716
11410 1011
12302 739
5192 1236
5193 1245
12304 816
600 1049
5194 1270
12305 832
601 1021
12306 988
602 1083
11416 1096
5196 1259
12307 991
12308 873
5197 1265
604 1087
9752 841
605 1056
12309 876
606 1103
2120 694
2121 923
1230 990
608 841
8864 878
8865 885
2122 970
609 862
1232 1121
2123 939
8866 1037
8867 1028
2124 930
1234 1254
2125 985
8868 740
8869 735
2126 1019
2127 739
18050 1012
2128 735
2129 741
17168 689
12310 1029
12311 950
12312 725
12314 785
610 895
611 902
11424 868
12316 747
612 871
11426 1004
613 882
9760 832
12318 791
9761 838
614 852
8870 835
615 850
8871 814
9762 990
8872 906
9763 980
616 1007
8873 899
2130 815
9764 690
617 1016
8874 1051
618 1042
1240 1341
2131 773
2132 799
1242 1458
2133 802
2134 863
9768 860
9769 852
2135 818
2136 967
2137 967
2138 1015
1248 1063
1249 673
18064 1032
12320 680
12321 703
12322 864
11432 1089
12323 871
12324 744
620 1052
12325 747
621 1058
12326 912
9770 1004
12327 847
624 931
8880 889
8881 854
625 937
8882 997
626 967
8883 977
627 963
2140 1021
1250 1203
2141 1018
628 936
9776 783
2142 1053
629 920
1252 575
1253 576
2144 632
2145 715
2146 748
6700 895
1256 1290
2147 747
6701 846
1257 778
2148 751
2149 783
6704 953
6705 968
6706 936
6707 859
6708 999
6709 1011
4928 1153
630 891
19968 843
12336 832
632 1061
633 1025
12337 844
634 1077
12338 1000
12339 996
636 1063
637 1056
2150 783
1260 652
2151 799
2152 930
2153 955
8896 1032
8897 964
2154 962
1264 1125
8898 1129
2156 987
2157 1013
6712 967
6713 938
4932 928
6716 967
6717 953
19972 864
12340 885
12341 830
12342 1037
19976 881
12343 793
640 607
641 600
16900 810
642 814
11456 1096
16901 828
643 775
16902 838
644 612
26704 963
11458 1172
16903 728
645 559
9792 1078
16904 835
646 708
2160 772
647 659
16905 800
9794 1197
2161 781
648 677
2162 836
649 642
2163 813
16908 866
16909 809
2164 817
2165 838
2166 849
6720 1069
2167 854
6721 1075
6722 1085
2168 996
2169 999
6724 1101
6725 1104
4944 1038
6728 1237
6729 1195
23040 1057
23041 1069
23042 1093
19984 983
12352 936
23044 1095
12353 906
23045 1104
12354 1028
23046 1111
650 870
651 803
12355 960
11464 1265
12356 974
23048 1085
652 667
23049 982
12357 941
11466 1325
653 640
12358 1050
654 668
16912 929
16913 947
16914 1057
656 777
2170 1028
16915 984
657 748
1280 673
16916 969
658 968
659 907
1281 679
2172 1031
16917 984
1282 737
2173 1046
16918 981
16919 812
1284 693
8512 1018
2176 320
1285 696
8513 1025
2177 402
8514 1062
2178 569
6732 1259
6733 1214
2179 572
1288 837
1289 840
9408 1195
9409 790
6736 1147
6737 1150
12360 1118
23052 1105
12362 1178
18700 775
12364 1146
23056 1179
660 691
661 652
23057 1182
12366 1190
23058 1177
16920 985
662 818
16921 916
663 747
18704 650
12368 1026
664 833
665 776
12369 968
16924 1011
666 1010
667 921
16925 932
2180 418
1290 885
668 600
2181 424
3073 489
2182 579
9410 1319
3074 638
2183 504
1292 852
16928 797
8520 1166
3075 641
2184 554
1293 695
16929 812
2185 662
9412 831
3076 456
2186 816
3077 541
6740 1168
1296 684
6741 988
2187 673
3078 648
3079 567
2188 676
9416 1406
2189 679
6744 1293
9418 1514
6748 1304
23060 1208
23061 1174
12370 1102
23062 1184
12371 1012
12372 1053
23064 1207
19600 869
12374 1113
19602 995
12376 1186
16930 913
23068 1222
672 615
673 642
16931 878
12378 1230
16932 826
674 790
675 801
16933 840
3080 598
16934 730
676 604
19608 1080
3081 748
16935 720
2190 821
677 602
3082 884
2191 667
16936 803
678 668
16937 810
3083 737
2192 481
679 667
2193 484
3084 774
2194 654
3085 795
2195 515
3086 889
3087 729
2196 491
9424 1206
2197 450
3088 550
3089 553
2198 651
6752 1085
2199 529
6753 1088
6756 1113
6757 1061
12380 1203
23072 1083
23073 1092
19610 1190
12384 884
23076 1117
680 657
12385 914
23077 1105
681 676
682 818
16940 824
683 815
16941 826
684 699
3090 715
16944 957
3091 580
16945 969
3092 561
16946 999
688 763
16947 993
3093 552
689 779
3094 720
16948 981
3095 578
16949 992
3096 801
6760 1245
3097 759
6761 1190
3098 950
3099 759
8544 1026
6764 1263
6768 1159
6769 934
23080 999
690 922
691 922
16950 809
23088 1195
692 661
26752 640
23089 1171
693 665
16951 791
16952 931
694 756
16953 927
695 744
696 791
697 793
698 936
16956 947
27648 665
9440 1199
6772 1176
6776 1297
23092 1184
23093 1187
2816 631
2817 631
16960 985
16961 945
16962 1017
16964 995
16965 884
300 709
301 720
16968 1085
304 551
16969 1023
305 566
308 556
309 400
6784 837
6786 916
6788 877
2820 656
3712 805
2821 631
3713 673
3714 944
2824 810
3716 698
2825 693
4609 761
2828 773
18752 1113
16972 1111
16973 1046
18756 1130
19648 1039
16976 1072
312 688
16977 1010
16978 1088
7680 854
6790 940
7681 812
7684 885
8576 651
7685 810
8578 695
7688 942
7689 827
4610 862
4611 872
3720 1029
4612 774
3721 750
3722 1152
4613 825
4614 913
2832 680
4615 854
3724 775
4616 826
4617 814
4618 729
2836 735
18760 1223
3728 891
16980 1077
16981 916
10240 378
10241 397
16984 1130
16985 1044
10242 576
321 1005
10243 513
322 1042
10244 458
24600 607
16988 1145
10245 469
324 1023
10246 601
9472 713
325 1041
10247 565
10248 598
9474 757
10249 601
7692 949
8584 796
328 1119
329 1161
24608 583
7696 995
24609 605
7697 908
6400 730
6401 746
4620 867
3730 989
4621 853
6404 787
6405 795
4624 855
4625 920
4626 1001
6408 848
3736 1074
4627 1000
6409 850
4628 945
3738 1186
4629 966
2848 654
2849 665
16992 989
16993 953
10250 754
10251 599
330 1194
10252 613
10253 609
16996 951
16997 880
332 1181
10254 661
9480 857
10255 625
333 1193
24610 752
24611 741
10256 481
10257 490
24612 646
336 1022
10258 695
24613 539
337 1027
10259 537
24614 782
24615 566
7300 859
7301 857
7302 910
6412 891
4630 1041
6413 885
4631 960
7304 1011
7305 937
4632 977
7306 1133
4633 962
6416 734
2852 688
7308 978
3744 813
2853 658
4636 1013
3745 697
7309 962
3746 948
4637 980
2856 754
3748 720
2857 713
10260 521
10261 502
340 1045
10262 700
10263 587
16600 1150
10264 631
16602 1260
344 1157
10266 776
10268 621
24624 745
348 531
24625 724
24626 881
24627 816
8200 460
24628 765
8201 463
24629 590
6420 746
8202 634
22848 1222
8203 603
7312 861
8204 475
4640 756
7314 986
8205 471
4641 802
6424 838
8206 576
4642 826
2860 736
7316 893
8207 535
4643 832
3752 1033
8208 469
4644 841
8209 484
7318 1002
4645 862
4646 873
4647 858
4648 806
4649 830
10270 665
10272 426
10273 447
352 1006
10274 554
353 1029
10275 528
24630 635
10276 478
17504 885
10277 505
356 1039
10278 582
22852 1217
357 1053
10279 585
8210 689
8211 701
7320 1055
8212 489
7322 1166
8213 494
6432 603
8214 704
3760 865
6433 645
8215 706
8216 497
4652 855
4653 876
6436 581
8218 703
7328 581
6437 588
4656 929
4657 950
4658 961
4659 956
10280 610
10281 577
360 1162
10282 762
361 1169
10283 593
10284 613
24640 841
10285 625
24641 803
10286 629
364 1189
24642 901
365 1197
10288 503
24644 878
10289 473
368 1039
369 1051
24646 922
8220 483
24648 1021
14848 946
8222 527
6440 597
14849 865
8224 384
4660 981
8225 429
4661 999
8226 588
4662 997
2880 1107
8227 605
4663 908
2881 1083
8228 419
4664 943
8229 454
4665 964
6448 630
2884 1126
3776 1037
2885 724
4668 973
4669 943
2888 1221
2889 788
10290 613
10291 565
10292 525
10293 535
372 471
10294 611
10295 611
10296 594
14850 1086
14851 897
10298 638
14852 983
14853 899
14854 1047
24656 909
14855 915
14856 911
24658 953
8230 598
8231 615
8232 472
8233 471
8234 624
8235 633
8236 475
4672 1004
8237 487
4673 1013
8238 491
4674 1036
2892 813
4676 1041
4677 1047
4678 1057
1600 939
1601 921
1602 1078
1604 968
1605 947
16640 590
1608 1166
16641 574
24660 935
1609 1145
14860 923
384 611
385 470
386 675
16644 617
16645 563
17536 735
17537 610
388 469
14864 1059
14865 817
17538 888
17539 735
14866 1123
16648 726
8240 497
8241 525
14868 1085
8242 713
14869 840
8243 722
8244 512
4680 1184
8245 530
4681 1187
8246 723
6464 1176
8247 687
6465 1182
8248 456
10904 911
4684 1211
4685 1169
6468 1194
6469 1197
4688 1093
4689 1099
1610 1289
1612 1190
1613 1166
2504 1217
1616 995
17540 651
17541 594
392 776
18432 445
1618 1123
393 565
18433 504
17542 776
394 824
16652 743
14870 1133
18434 627
18435 525
17544 899
17545 752
14872 969
396 550
18436 560
17546 1020
18437 578
18438 688
16656 627
17548 793
18439 583
14876 970
8250 500
7360 936
7361 918
11800 979
4690 1109
6472 1288
7364 959
6473 1017
8256 708
10912 768
4692 1119
8257 736
4693 1122
10913 698
8258 864
10914 863
6476 1296
8259 816
10915 761
7368 1013
6477 1028
10916 744
4696 1251
4697 1071
10917 733
11808 755
10918 807
3400 1332
3401 962
1620 979
3404 1337
3405 859
1624 1211
1626 1323
18440 648
18441 654
16660 652
18442 712
18443 542
17552 800
17553 718
14880 954
18444 700
14881 868
18445 703
17554 942
17555 827
14882 958
18446 748
14883 884
17556 759
14884 987
18448 625
14885 898
18449 634
17558 868
8260 748
8261 747
6480 1198
8262 812
8263 779
11810 886
8264 954
10920 904
8265 910
8266 1094
6484 1205
8267 926
8268 964
8269 957
11816 972
4300 1123
4301 922
4304 997
4305 945
1632 947
4306 1076
1633 920
1634 1082
4308 1027
18450 743
1636 972
17560 942
1637 942
18451 597
18452 681
17562 1052
18453 693
16672 553
18454 793
16673 556
18455 644
18456 725
18457 639
18458 773
17568 567
17569 574
14896 1063
8270 996
8272 749
8273 758
8274 886
8275 827
8276 767
6496 668
8278 827
6497 656
20736 858
20737 857
5200 1054
4310 1090
5202 1104
4312 1163
5204 1071
1640 1170
4314 1236
1641 1140
3424 499
5208 1269
1644 1164
18460 766
17570 676
18461 666
1648 999
18462 798
18464 515
18465 530
18466 631
18467 507
18468 588
18469 600
16688 574
8280 976
8282 1105
20740 898
8284 961
21632 981
21633 970
21634 1106
20744 835
21635 1079
8288 744
10944 902
21636 1011
8289 768
22528 856
5210 1303
22529 874
21638 1120
20748 830
5212 1281
5216 1014
5217 1026
18470 553
18471 561
18472 660
18473 589
17584 696
18476 708
18477 634
8290 872
8291 832
22530 984
22531 794
8292 752
11840 967
8293 767
22532 915
8294 784
22533 926
20752 866
8295 783
22534 1023
8296 962
22535 830
8297 926
22536 926
8298 1098
22537 930
22538 959
5220 639
21648 1089
21649 1067
5224 656
1664 733
1665 726
18480 643
1666 922
1667 847
18481 655
18482 643
1668 667
18483 589
1669 632
18484 705
18485 714
18486 635
18487 632
18488 733
18489 682
22540 971
21650 1198
22541 955
22542 973
25216 933
21652 1108
25217 825
22544 977
22545 989
25218 900
22546 1089
22547 855
22548 1023
22549 1030
2561 531
1670 744
2562 656
2563 577
1672 891
2564 556
1673 750
3456 775
2565 579
1674 1014
1675 861
2566 681
2567 637
1676 791
2568 628
8904 1218
18492 770
29184 1179
2569 643
29185 1162
8906 1321
18493 697
29186 1243
29187 1210
29188 1203
18496 866
29189 1090
18497 872
18498 930
25220 866
26112 691
22550 1117
22551 880
22552 989
22553 966
22554 1009
22556 1024
22557 808
22558 1012
4352 665
2570 726
2571 657
4353 687
1680 885
4354 667
1681 820
2572 682
3464 995
2573 694
1682 1058
9800 1285
1683 961
2574 730
4356 728
9802 1388
2575 692
5248 757
4357 742
29190 1251
1684 727
29191 1106
8912 1021
5249 769
2576 655
2577 673
1686 836
2578 821
2579 671
1688 936
1689 834
9808 1089
25232 965
22560 884
22561 896
17216 1127
22562 625
22564 935
22565 944
22568 919
22569 749
5250 891
5251 887
4360 797
5252 810
4361 805
5253 814
2580 710
5254 928
6145 560
2581 719
1690 1086
5255 841
4364 846
6146 710
2582 841
2583 720
4365 846
5256 904
6147 713
5257 902
2584 725
6149 639
5258 995
2585 715
5259 918
4368 695
2586 877
4369 702
2587 696
1696 735
2588 780
1697 714
2589 735
1698 886
1699 855
8928 1014
19000 941
19001 711
19004 747
22572 945
19008 971
22573 764
19009 912
22576 1001
22577 1010
6150 772
6151 699
5260 943
5261 933
6152 688
5262 959
6153 731
2590 780
6154 800
4372 743
6155 757
5264 859
5265 860
6156 766
2592 554
6157 785
5266 1016
2593 590
4376 811
5267 1001
2594 628
6158 837
6159 801
2595 600
5268 901
5269 824
2596 613
9824 1082
2597 633
2598 646
2599 656
19012 1002
19013 940
22580 1041
19016 1137
19017 1072
22581 1047
22584 981
22585 860
22588 886
6160 658
6161 709
5270 1042
4380 818
5271 933
6162 848
6163 706
5272 917
5273 874
6164 755
6165 773
5274 1030
6166 899
4384 655
6167 754
4385 667
5276 915
6168 803
6169 809
4388 626
2200 733
4389 671
2201 610
2202 882
1312 677
2203 695
1313 435
2204 738
2205 614
19020 1158
2206 736
1316 399
1317 416
2208 409
2209 412
19024 1027
19025 944
22592 1129
19028 1047
19029 961
22593 1132
22594 1177
22596 1159
22597 1031
22598 1191
6170 883
5280 556
6171 726
5281 564
6172 845
6173 848
4392 576
6174 909
5284 584
4393 580
6176 566
6177 603
4396 600
6178 722
5288 633
6179 668
3100 807
3101 676
2210 581
1320 465
2211 415
3102 800
1321 493
2212 383
3104 494
2213 413
3105 513
2214 461
1324 524
3106 650
2215 475
3107 427
2216 668
2217 472
3108 541
19032 1171
2218 824
3109 561
2219 488
19036 1181
6180 652
6181 691
6182 780
6183 723
6184 728
6185 755
6188 778
704 871
8960 765
8961 630
705 841
6189 801
3110 447
706 1010
3111 467
707 904
2220 492
708 835
3112 752
2221 515
B: 2741
