A: 2077
8371 684
16529 682
24704 622
20537 780
29206 1208
23046 1111
6468 1161
9418 1514
613 882
16962 1017
24611 741
10274 554
18973 743
25090 1109
10392 838
3141 969
17432 821
5143 866
3592 829
332 1181
10885 735
18492 770
3120 562
1052 728
7689 827
809 692
265 684
14992 1076
8818 987
20564 1106
8267 926
18466 631
2074 671
11274 1024
198 733
1164 876
8282 1105
1083 576
2095 581
7193 625
21506 1022
8849 874
10330 1062
2645 892
17490 1129
8760 653
21020 1212
31234 1177
6146 710
5121 644
844 1202
20640 688
2130 809
3656 1211
11330 1038
14386 992
25104 1049
8322 734
13320 822
11408 882
10375 599
84 702
2608 691
19488 540
8725 867
4624 855
9223 559
2821 629
18536 1078
605 1056
8214 689
18965 936
16912 929
22537 914
23048 1085
365 1197
4741 808
2152 930
3173 981
9298 1145
21580 1305
10773 723
28688 1091
19976 881
24576 571
3341 740
3150 863
14408 1172
1062 397
17445 529
5156 609
7172 771
4260 607
1133 1157
8808 1086
3625 810
18472 660
2064 252
11264 642
2249 752
2195 649
11395 684
5208 1269
5176 630
6199 762
38 313
6177 602
2582 765
10248 598
3520 1146
10405 539
2695 671
3205 723
10320 789
17480 1174
8770 1077
30740 1101
6152 688
2567 637
8194 564
2856 754
1228 1296
4252 793
6298 926
6786 916
69 639
8241 517
18992 963
8336 571
10829 1110
2121 923
554 696
2344 780
1684 655
5266 1016
16484 818
16992 989
2638 1118
56 439
2408 1212
16656 612
2224 493
23120 1203
8712 810
30722 1084
3392 1188
16648 726
5376 717
4757 913
20612 908
2162 772
3680 994
14350 877
19469 603
10761 705
17416 756
293 550
16562 757
3746 948
17569 574
2208 409
19592 1037
640 607
6204 857
4659 928
10289 465
4141 716
22572 945
1560 811
450 1145
7318 1002
17032 708
4188 1183
1608 1166
12358 987
4162 910
16930 913
5657 928
16408 635
12817 1072
1320 496
4385 615
10434 973
3234 868
9889 939
11936 948
4688 1043
2596 613
28 484
10258 680
2496 1072
2258 926
179 609
2184 591
2665 1084
8780 1112
6188 777
12309 826
6162 848
9736 922
4098 648
6473 926
1700 695
4246 917
6288 807
16500 880
22608 1133
20552 1242
23089 1171
27184 767
24624 713
8237 533
6928 966
722 1055
1226 1414
155 805
6296 837
1675 861
5257 831
6788 877
22616 1337
67 710
12848 1081
12325 711
6681 958
26634 732
20485 879
28672 968
6800 953
12432 884
5760 837
8745 815
21005 988
816 705
272 530
8865 885
18592 493
1152 488
1093 905
2081 204
18453 696
14866 1123
3600 745
2617 722
14340 772
2313 780
16592 935
2726 680
4153 738
568 711
7220 623
5684 927
6704 953
17924 846
27138 861
2336 561
2219 488
7308 975
651 803
138 725
17026 994
1618 1123
4176 913
18504 1074
1571 754
16418 579
7201 683
16920 985
2104 548
11304 892
14372 780
539 816
1035 800
3073 489
18520 1129
20501 992
22547 783
8206 578
23052 1105
3081 748
16904 835
1029 429
6465 1151
1730 1262
1208 941
16530 807
14424 1229
10279 585
27156 929
2149 765
3146 1152
5144 871
6660 843
14337 717
7168 710
2881 719
144 385
1664 733
23680 959
16464 869
8753 876
6690 838
21013 1196
20494 915
8813 1054
19000 941
18487 600
3610 1013
14872 969
1047 537
20996 1064
1161 862
20580 1055
1594 959
2090 606
7196 961
11290 1035
18446 748
16586 1228
181 390
1197 595
2732 728
660 637
9874 1028
25218 900
6224 982
22596 1103
578 913
4121 724
26646 873
16397 610
1540 616
386 675
841 785
5440 1180
8850 1123
3653 990
5138 898
8329 732
2114 726
25120 928
14366 929
29191 1106
6432 603
18510 1132
20513 862
537 710
22551 808
3093 552
25608 821
1720 1021
16520 687
602 1083
7252 1105
5676 845
12836 921
24604 701
8213 486
16915 984
18962 852
22530 984
368 1028
3266 1112
10383 687
10857 1080
10794 842
9769 852
19476 699
8354 712
2147 718
3148 1188
14410 1216
1076 472
14339 744
216 1081
1136 919
18477 634
3620 703
1059 553
14882 958
2061 529
2246 797
101 675
22624 1082
4697 934
6196 787
16421 519
9250 726
6178 722
10247 565
10400 585
2690 826
3200 639
3118 567
6157 781
2562 656
837 670
8840 966
4736 819
8769 984
21029 1096
5128 816
3336 949
20737 726
10824 1138
2627 829
559 616
25110 903
24588 644
772 627
4312 1163
2714 945
10904 911
1683 961
5261 860
10368 573
6776 1297
51 490
26660 608
8738 968
9232 586
4103 703
4429 926
3297 580
8883 977
6768 1095
10800 744
3272 1310
2169 988
3184 941
10296 563
4646 821
10784 804
19462 706
8707 960
2920 811
296 685
2304 541
9385 651
18576 700
645 559
6201 822
22577 1010
4144 580
202 1159
8837 731
1122 1002
19020 1158
14896 1063
21540 729
7696 995
10759 781
4380 818
5336 1363
16600 1150
2768 846
8906 1321
17456 597
2593 584
2392 1211
4361 795
2253 791
172 439
10410 960
3210 1089
2680 1121
16452 810
6183 723
3108 541
6169 812
2576 655
12302 816
11776 878
8870 752
2674 913
3116 794
6159 638
14851 897
1221 740
152 637
19608 1080
6291 674
1672 961
16519 687
5250 891
16472 1067
60 504
8248 497
12322 864
28675 1015
20482 968
17041 939
6276 731
17539 735
10318 1051
12864 1021
19520 998
47 485
8748 824
21008 1161
4111 717
4609 761
1472 1260
1357 838
16672 553
792 730
6305 637
21076 1148
8736 780
4615 854
3282 1134
8896 1032
21136 1178
10349 1033
5194 1270
23620 1129
2612 725
19492 528
8719 677
14345 751
6400 730
695 677
9355 885
4235 774
18562 712
6233 1212
567 660
24594 845
27137 668
4173 1127
6728 1237
18501 825
6210 974
7204 697
16925 932
1410 840
121 912
4181 961
1601 921
4673 967
6675 863
16401 580
19457 539
344 1168
4298 1203
2177 402
27170 835
16909 809
520 560
3 277
224 778
16537 561
1104 911
16968 1085
29232 1209
20525 754
18979 681
8226 588
23072 1083
23568 995
1539 729
6496 591
4353 663
162 480
4249 752
8238 550
18989 714
12312 792
10260 552
10 486
22016 1043
3401 846
18692 627
71 681
10308 800
16957 667
8758 740
28707 742
23557 800
5634 880
16896 643
322 1042
14464 765
8816 966
8269 957
18482 611
18468 588
1042 622
20993 1057
4204 1122
596 926
8275 745
1584 717
2088 388
11288 906
9480 857
258 555
184 649
17074 1033
2737 637
1192 868
1178 1082
665 776
18552 1033
6221 1193
22593 950
4124 759
26643 617
1545 747
16392 547
18439 583
19048 1123
2657 874
10836 913
14388 899
21528 953
5133 861
2212 383
17555 827
22674 1140
133 339
4193 865
1613 1166
23116 1334
9280 994
4665 964
12343 734
16413 684
28690 1215
1746 1296
16546 658
18517 836
5188 1038
14900 1013
25139 1061
20514 976
22556 996
3094 606
7700 1021
530 815
7428 796
20533 1008
24609 605
16918 981
29202 1329
517 523
23042 1093
1201 522
617 1016
28736 1041
23092 1184
24615 543
8228 419
18977 806
10270 712
12823 1064
25094 1114
1537 591
22529 874
20632 774
2142 1080
1073 460
9770 1042
336 1022
10881 696
8802 1019
18496 837
3124 552
1056 378
2243 647
3226 1144
104 766
1624 1211
12374 1039
4692 1060
5202 1104
6193 742
16424 563
2588 755
10242 576
6658 882
248 1085
194 926
1186 785
1168 685
6257 640
583 802
2099 458
4134 689
16386 567
12417 696
2641 884
21024 1071
5125 708
21104 1040
4716 1219
3649 969
2620 753
29184 1179
2913 729
3752 1033
8326 574
4708 1005
14369 720
540 727
10915 761
2705 626
10371 555
80 649
8721 862
4620 867
9227 751
3277 900
2230 538
12945 1007
28816 1108
3181 1211
10293 527
21042 1095
4643 814
17418 909
361 1169
8363 738
20626 1180
2156 987
3177 1178
21584 1113
9760 832
19972 864
8340 501
8832 910
19025 880
14404 982
20546 1069
17449 545
3456 775
4440 1267
114 789
1634 1082
5216 1014
12364 1146
16434 713
2598 646
26 574
10256 483
5641 832
12801 940
3361 420
3228 811
2191 667
3130 954
5172 605
6173 851
2586 877
11786 1087
6656 786
3300 600
8385 730
3209 948
2673 861
3111 467
14856 911
8198 584
2852 688
728 1144
1714 976
4256 543
16514 686
24630 594
8245 522
18996 951
16947 993
28678 1051
8332 579
2125 985
550 678
21537 709
24581 611
1352 1308
18756 1096
2348 760
17058 924
5280 499
6300 862
1688 1017
12422 871
16488 1009
2634 1090
4108 662
4610 862
16652 743
2220 492
28802 1125
10346 1026
91 901
23124 1168
21056 1105
4631 960
8716 803
30726 1103
17408 503
6405 751
690 922
14484 912
9866 1219
9350 683
4230 796
17009 945
6236 1241
562 835
26658 600
4417 1116
1256 1290
2752 823
2204 626
9858 1191
6208 862
10285 625
9891 1064
627 908
4166 947
16934 730
6678 1029
5653 912
18947 681
8514 1062
2170 1001
8305 718
29218 1055
23058 1177
527 613
8393 774
5314 1243
2180 418
2661 894
8784 1014
17474 1086
3107 427
6166 899
2579 671
31250 1241
9732 676
6477 935
738 1014
169 568
1704 969
4242 944
16504 1071
20556 1267
16449 790
28721 654
8233 513
18982 727
3404 1337
7488 855
74 954
16952 931
23552 910
1346 1206
1698 886
6804 982
12436 849
16498 839
8741 821
4118 818
21001 1042
8869 675
4201 1102
593 923
8270 996
1581 759
392 776
680 687
1173 578
3724 775
21634 1106
25216 933
4220 1191
8291 789
22598 1119
576 684
26648 745
12290 848
18432 445
13312 696
289 526
2317 791
1288 868
2722 696
674 790
6238 1273
4157 778
7224 640
5680 905
6700 895
26656 627
1554 923
17920 819
3256 1015
2215 475
17552 800
7304 1011
134 474
18508 1116
6721 1023
4662 903
16414 729
17618 1300
5185 1022
2100 428
20519 770
3099 694
1031 499
3077 541
25602 737
26752 640
18524 1160
29216 1183
20505 986
529 640
23056 1179
3085 795
8202 666
18951 718
16900 810
6469 907
612 871
10275 528
24610 752
18972 1027
25091 1018
11914 1251
3142 743
5140 727
6664 866
333 1193
10884 800
18493 632
3121 524
1053 708
9754 1049
7688 942
8578 695
4277 648
18582 844
8260 723
18461 666
2073 540
11273 663
199 582
9370 1167
1165 879
20584 1246
1082 879
2094 565
7192 944
18442 712
21507 933
2646 939
5122 756
6145 560
5444 850
20748 830
11458 1172
8854 779
2658 874
2131 737
3657 1187
25105 968
864 1116
17608 1355
2110 604
25124 708
14362 923
1482 1409
788 682
2700 702
10374 654
85 711
21064 1305
2609 706
19489 525
8724 865
4625 920
9222 549
16524 621
606 1103
7256 1302
5672 832
12832 950
8217 433
24600 675
18966 881
22534 1023
364 1189
4740 804
2153 955
3172 967
10772 776
28689 1008
24577 597
305 537
8912 1021
5322 1436
8839 826
18050 1012
1065 669
17442 609
9744 863
10757 801
4896 803
212 736
4261 628
19610 1190
1132 1143
8809 1032
8250 518
18473 589
3624 837
2065 330
11265 645
1218 1199
2196 511
11396 685
22628 765
8792 1059
3137 927
6174 909
2581 710
10404 529
2694 728
3204 720
8771 951
6153 731
2566 670
8195 579
833 1107
4732 1271
2648 1113
8337 544
10828 1162
555 710
21532 952
19984 983
24584 607
776 732
17057 833
2710 816
10900 780
5265 792
6772 1107
55 495
17952 779
4107 669
2409 1216
4432 1132
3288 1227
2225 413
17504 885
94 1016
2618 759
4634 875
8713 792
20615 1005
2165 798
10788 828
14357 681
10766 814
17411 651
292 536
6348 964
16563 755
2209 412
17568 567
641 600
6205 654
4658 961
10288 495
22573 764
4140 709
1561 746
9896 1104
620 1052
4161 841
16933 840
1321 504
4384 567
3235 496
9888 950
22658 1052
4689 1049
17452 548
2597 633
29 496
10259 537
4365 810
705 800
176 413
3214 864
2684 1120
16456 1001
12306 988
2572 682
9739 989
6472 1288
4247 915
6289 611
16501 742
20553 1114
28724 804
24625 724
23088 1195
8236 518
23062 1184
1225 917
156 642
1676 758
5254 866
13440 777
16476 1103
12326 845
20486 951
2892 813
12433 813
10314 1022
12868 1033
8744 808
21004 1089
1155 779
598 890
19017 1072
1094 900
2086 426
18454 793
7184 760
11416 1096
23624 1326
2616 733
19496 775
14341 751
2725 610
673 642
9359 815
17000 1089
12380 1203
4150 823
22581 1047
6707 859
24598 840
1553 702
12289 669
24064 1061
2337 571
16576 881
2742 746
2218 824
7309 883
139 731
650 870
17027 909
19586 952
4177 922
18505 1015
6214 1006
16419 605
1570 744
7200 668
16921 916
2266 1106
12931 974
125 962
4185 1152
1605 947
4677 996
16405 612
348 1192
4294 964
634 1077
18521 1026
20500 981
22546 1089
8207 545
16905 800
3080 580
220 969
9416 1406
16533 680
1100 1127
20521 733
5669 806
23076 1099
8222 640
10394 967
2148 736
21084 1332
10840 1103
3147 827
17434 963
5145 720
3594 968
6661 861
7169 713
14336 714
752 931
143 612
6756 1055
10304 750
8754 1063
6697 870
21014 1144
20493 893
8812 1066
24658 953
19001 711
18486 603
1046 627
20997 1072
242 996
9377 637
1162 1016
4217 636
8284 992
589 1041
2093 565
18445 703
180 358
1196 584
661 652
6225 988
22597 911
579 847
4120 712
16396 604
1541 615
2653 1112
10832 901
5137 691
8328 729
2115 698
25121 881
29190 1144
18513 803
2109 611
20510 965
7704 1047
22552 991
534 830
3090 715
1038 799
7424 760
16521 570
12837 918
8212 481
18963 752
16914 1057
22531 753
20628 1012
10384 606
10850 938
10793 704
17424 617
28682 916
3584 618
8355 724
2146 722
3149 1203
1077 464
14338 870
14470 929
7296 812
20572 1311
8257 713
3128 809
14881 868
2062 599
7681 789
2247 684
3222 716
100 643
22625 745
4696 1251
1620 979
12370 1033
6197 802
16420 482
6179 668
9251 677
10246 590
2370 985
22792 850
9379 778
1182 807
6253 1205
587 993
4130 668
836 1060
8841 891
4737 768
10338 806
17498 1327
3664 1001
8768 981
21028 1091
21514 931
5129 831
8640 1117
11424 868
8338 767
4712 1196
2624 831
773 600
1682 1058
5260 949
10369 576
16482 800
50 452
8739 974
9233 463
4102 677
781 648
3290 1296
2709 674
11400 1085
10807 748
2600 666
19480 893
3273 879
2234 886
20618 862
2168 990
10860 1112
4647 811
10785 813
30736 1077
8706 948
6413 816
16564 527
9386 1160
21650 1198
19594 1158
646 649
4147 827
7216 602
203 802
8344 762
8836 725
1123 621
14400 954
7697 908
10758 844
7320 1055
110 916
5212 1281
12360 1118
5168 678
22 446
5645 830
10252 613
12805 917
4360 797
2252 1055
173 468
3211 803
2681 1082
16453 813
6182 780
3109 561
9240 831
6168 803
2577 676
3528 1258
3304 657
8873 899
2677 892
10328 1018
17488 1003
8778 1157
3115 547
14852 983
1220 1070
153 643
6290 950
1673 750
16518 679
5251 814
16473 967
22610 1149
61 510
9264 478
12323 867
26632 688
20483 971
28674 1108
1348 1173
1696 735
5270 953
12438 972
16496 881
16984 1130
23584 725
4116 661
1473 766
1356 1318
18752 1084
5284 584
6304 595
2630 900
8737 801
4614 849
2400 1054
8402 1077
23128 1358
5197 1265
2611 683
17938 1075
14346 860
1282 737
6401 701
694 682
2728 769
3730 989
14480 882
9354 1156
4234 843
18563 542
6232 1209
566 840
24595 844
27136 813
2309 596
1252 516
2200 733
648 677
22662 1074
23104 1141
4149 718
10281 577
1568 614
458 1280
17542 697
12934 1010
11904 1024
120 909
4180 955
1600 939
4672 961
6674 999
19456 600
19648 1039
24712 752
8301 969
7713 802
22549 1033
8208 461
523 681
1027 543
225 655
1736 1349
16536 752
618 1042
1105 914
7248 1093
16969 1023
20524 875
8227 605
18978 755
23073 1078
1538 770
1708 772
165 331
6280 800
16508 967
22600 1293
16445 634
12852 1030
17 234
26626 747
3400 1332
70 709
10309 793
16956 947
8759 732
28706 1112
22032 1167
23556 936
16897 786
321 1002
804 653
268 697
4864 803
18481 655
3616 662
2079 600
1041 450
11279 749
4205 1143
597 928
8274 886
1585 732
2089 497
3608 885
20808 1279
257 502
2738 784
684 699
1177 936
3720 1029
9344 777
4224 610
572 737
12294 853
18436 560
13316 725
11456 1096
4728 1259
2656 865
5132 855
448 1097
2211 415
17556 685
659 907
7300 856
130 464
4190 1231
1610 1289
6725 1005
9283 735
12340 823
1579 768
7209 916
16928 797
16410 719
28693 1032
16547 667
24722 862
18516 939
5189 1047
25138 1087
20515 739
22557 725
3095 578
531 827
24707 754
608 841
14920 1257
20534 832
7720 842
18968 1007
29205 1159
23045 1088
27140 849
16736 1029
2832 680
18640 848
1738 1456
1200 697
16538 894
29312 1196
616 1007
23093 1187
24614 542
8229 454
18976 811
12822 1167
25095 812
1536 564
22528 856
8352 537
20631 1082
12928 1002
10849 868
2141 1035
14416 1022
1070 531
6668 901
337 1013
218 1214
10880 922
1138 1064
8803 942
18497 840
11810 886
1057 400
27648 665
266 721
4273 645
18586 951
8264 954
21568 1102
19008 921
3618 751
18465 530
2077 601
11277 705
195 929
1187 549
1169 691
6256 994
582 840
26674 631
2098 491
4135 711
11298 806
16387 597
18760 1223
4738 930
10337 762
2642 929
21027 974
5126 753
14849 865
3330 698
4717 1164
10822 964
3648 990
2621 733
29185 1076
868 747
6424 838
24736 586
8321 522
547 682
4306 1036
10914 863
2704 789
10370 746
81 664
21060 1114
8720 850
4621 835
9226 954
16645 512
3274 1285
17570 676
12946 1199
23616 1129
10290 647
21041 1201
4640 756
19464 839
360 1162
4928 879
8362 893
20627 1071
4744 843
2157 1013
3176 1168
9761 838
10776 735
301 720
208 843
10890 1019
1128 1106
20549 958
1061 453
11800 979
9740 798
2059 600
7171 703
10753 782
18626 916
22656 941
115 746
5217 1026
16435 728
2599 656
27 580
10257 486
5640 898
12800 934
2192 481
11392 860
109 929
8796 1077
16429 553
9258 962
6170 883
2585 722
8384 926
10408 824
2698 900
3208 892
2672 897
3110 447
8199 589
7368 1013
1713 833
158 617
19602 995
16513 556
16478 1119
8242 694
16940 824
12328 650
28710 791
22024 1081
20488 892
8333 592
19056 943
2124 930
551 687
21536 707
24580 590
1474 1292
5269 824
12421 737
2637 1108
10816 924
59 518
8730 793
4613 807
2504 1217
4436 1139
8898 1129
2221 515
90 1020
21057 952
4630 966
8717 661
17409 509
12948 1043
4754 1052
20611 983
2161 748
3162 1170
14353 673
10762 1010
17415 637
4416 1110
1257 778
6344 1149
2205 614
9859 1076
6209 918
10284 613
457 774
16704 1070
18632 1011
624 931
4165 891
16937 810
12810 866
18944 807
8304 766
14916 1067
7716 825
526 648
4369 671
11466 1325
8394 1279
3218 926
2187 819
2688 625
2666 1093
17473 881
9249 561
3100 818
6161 712
2388 1084
6476 1296
234 1163
1705 749
168 565
4243 881
16505 933
1648 999
1114 1281
20557 1075
16448 781
28720 1095
8232 510
12318 879
6912 832
149 442
1669 632
14980 1000
6264 1217
16469 804
19536 1009
77 897
12872 1224
24640 841
12339 923
20499 1020
9218 714
5632 818
1699 855
12437 843
19528 1217
10310 832
8740 810
4119 830
21000 1063
8866 1037
20592 1091
6248 1148
19013 882
1090 994
2082 350
11282 820
18450 743
14865 743
7180 928
393 565
22788 714
1198 600
681 676
1172 690
25217 825
8290 872
577 825
16398 668
12291 854
18433 504
2314 694
6408 848
9922 1361
677 602
2721 601
17004 1049
1557 698
1242 1458
2214 461
17553 718
22672 1045
7305 860
135 464
18509 1054
6218 1196
6720 1020
4663 850
28696 929
873 787
356 1030
2107 568
14371 752
1036 536
1752 1383
4290 992
3776 1037
7260 1309
29217 903
20504 993
23057 1173
22542 973
3084 774
8203 669
18950 797
16901 828
400 622
611 858
7241 1286
16960 985
24613 539
10276 478
5665 784
23560 992
25092 934
26112 691
2434 639
8960 765
10390 709
21080 1339
3143 743
9794 1197
17430 728
5141 740
6665 857
3590 678
19968 843
147 573
1667 847
5249 712
6752 1032
16467 828
79 913
12337 835
8750 682
6693 890
21010 1225
20497 972
9216 542
4276 638
20562 1119
8261 719
18460 766
2072 528
11272 884
1188 451
1166 796
19064 1144
4213 782
18548 803
8280 976
1081 680
1593 746
2097 364
18441 654
21504 880
10332 1052
17492 987
30752 904
31236 1159
5123 713
385 470
3328 712
8853 711
4721 920
19040 925
2136 978
11336 1132
3650 979
21520 1005
865 1064
21648 1089
25125 584
4424 1256
6336 928
10913 698
10377 600
86 782
8727 808
4626 1001
9221 483
24708 607
5673 822
12833 953
8216 538
22535 769
3265 760
8369 576
10380 661
9296 1016
10797 731
17420 788
24578 748
304 540
8838 836
3156 984
1064 650
17443 617
7174 826
10756 799
17152 790
4262 640
20576 1029
18470 553
14885 898
2066 479
7685 810
11266 798
1219 818
4784 886
2197 450
11920 955
11397 663
3136 846
2580 699
11780 750
1317 416
8480 547
2284 608
10403 562
2693 596
3203 863
10326 872
8776 1083
21036 1003
6154 800
2561 525
832 1104
2649 1082
3660 1230
31238 1175
21510 969
8334 655
2123 939
2628 868
556 665
3424 499
777 696
17056 829
2711 737
5264 859
54 462
4106 714
785 690
6338 991
8880 889
11404 840
10379 660
21120 1073
88 893
10803 755
2604 711
19484 877
4628 943
20614 1019
2164 800
10789 827
14356 895
17410 672
1760 1143
16560 646
3744 813
642 814
9856 1018
7212 669
1562 965
2320 574
621 1058
4160 704
16932 826
4448 686
10432 881
3232 712
5164 853
2590 780
5649 938
12809 757
4364 843
2256 825
704 871
177 450
3215 832
2685 1108
16457 1004
12307 991
2573 694
9738 1098
2848 654
233 669
4244 774
16977 952
20550 1083
24626 849
8235 633
18984 819
23061 1174
25089 865
720 962
1224 1286
157 554
6294 984
5255 841
16477 1000
12327 847
26636 720
20487 954
5274 1126
17042 1125
6275 644
16492 1052
16980 1077
44 391
274 566
18594 556
1154 773
21576 1305
19016 1137
1095 641
2087 441
18455 644
7185 587
14860 923
2404 1081
2228 459
99 685
5193 1245
2615 728
14342 912
698 936
2724 647
672 615
9358 836
4238 827
17001 1015
4151 834
22580 1041
6706 936
24599 804
1552 733
12288 660
1249 673
657 748
4170 1138
18502 916
6213 963
4668 973
1577 733
22561 896
10442 1144
3242 1093
7314 986
17546 1108
12930 1097
124 964
4184 1146
1604 968
4676 993
12354 970
16404 588
2178 569
20608 927
637 1056
18522 1145
20503 1048
22545 992
18957 819
8204 514
3083 887
16906 645
16532 667
1101 1145
20520 858
23077 1105
5668 807
12828 925
27154 936
2381 1239
730 1256
1234 1254
161 319
6284 848
1641 1140
22604 1313
16441 618
24628 630
10263 587
12311 950
13 356
142 730
6757 1000
16462 1080
10305 746
8755 1066
6696 867
21015 1115
20492 928
8576 651
325 1033
800 663
4279 711
18485 714
25140 635
3612 869
14870 1133
1045 451
20994 1119
9376 789
1163 1019
4216 1158
588 1032
1084 708
2092 533
7194 994
18444 700
20804 1151
1292 852
187 623
688 763
1191 492
666 1010
9872 930
9348 607
4228 644
6222 1223
7236 1083
4127 636
26640 735
1546 899
12298 794
16391 619
388 422
2652 1146
5136 724
22848 1171
4705 980
2116 550
25122 1033
14364 885
9440 1199
17610 1460
18512 903
2108 608
22553 816
535 832
3091 718
1039 675
2828 773
20530 1099
12838 1011
29201 1156
27144 773
514 644
23041 1063
20629 1003
10792 818
10778 849
17425 634
3585 615
8356 437
2145 702
14412 1195
1074 634
5148 893
214 799
7297 755
18048 903
19032 1171
8256 708
14880 954
2063 561
7680 854
4376 811
2240 802
12449 697
3225 750
107 882
9256 810
31 511
10241 393
9378 941
3714 944
6252 1187
9802 1388
586 1038
4131 674
8842 1143
12418 916
21517 820
8450 595
8339 708
4713 1144
10826 1154
2625 843
25112 760
6420 702
17600 1147
8325 474
2118 780
543 652
25616 609
780 739
10918 807
2708 721
11401 779
10806 801
2601 672
2413 690
16641 548
3270 812
3168 930
10294 696
21045 1206
4644 813
10786 812
14359 725
10768 856
19460 632
8705 764
6412 888
2306 570
647 659
17016 1107
4146 824
7217 610
4880 943
204 1030
8343 640
1124 904
20545 1024
2055 420
17458 707
5169 592
23 483
10253 609
5644 921
12804 939
2251 768
170 737
3212 960
16450 861
6181 691
2574 730
12300 740
8872 906
2676 901
3114 892
14853 899
16517 576
8246 699
16944 957
6688 822
22020 1065
1349 724
744 1103
1697 714
5271 933
16497 792
6748 1304
16985 1044
12888 1271
41 376
4117 686
2633 1067
4617 814
2401 1061
3280 1049
11410 1011
5196 1259
2610 733
284 719
1285 696
17626 1481
693 614
679 611
9865 949
9353 809
4233 704
18564 645
561 682
24592 705
2308 581
6340 959
2201 736
17560 1025
649 678
4148 695
10280 610
1569 638
16708 1064
4392 515
2260 805
4288 865
3245 624
17541 594
628 936
4183 902
4169 1082
12353 861
6677 991
16403 724
18948 846
8300 960
14912 1060
7712 804
22548 1021
8209 476
522 714
1026 534
2183 504
3104 494
6165 776
9731 975
2384 1060
164 306
6281 751
1644 1164
22601 1101
16444 689
12853 944
23080 999
12314 868
10266 776
26627 565
2888 1221
6916 856
6260 1027
12876 1231
19532 1234
73 830
24644 830
28705 835
5636 855
805 635
269 712
4865 783
14466 904
20568 1297
18480 643
3617 656
2078 672
1040 441
11278 784
9362 955
6244 958
8273 724
590 1064
14869 766
2739 700
1176 933
9345 780
4225 601
8294 739
573 726
12295 843
18437 578
848 1137
25108 1016
5131 779
449 770
2210 581
22676 1072
658 968
7301 792
131 473
6724 1047
9282 1134
12341 830
1578 907
7208 904
16929 812
16411 502
28692 1044
352 1006
16548 456
5186 1060
26688 857
2103 524
25137 973
14375 787
22558 1012
3074 638
9424 1206
24706 761
609 862
20535 820
8218 699
18969 926
29204 1192
27141 644
23044 1079
6480 1159
228 443
1203 663
1108 928
7245 1301
16964 995
20529 998
10272 426
12821 1016
23564 997
25096 713
8353 565
20630 1107
12929 911
10848 922
2140 1032
1071 543
6669 886
330 1194
10887 798
8804 850
3122 723
3629 832
1050 871
2068 343
11268 557
4272 677
14468 806
9312 1002
20566 1122
8265 910
19009 859
18464 515
2076 592
11276 794
2376 1200
196 786
1184 613
3713 632
18544 907
581 850
4136 642
21508 912
4739 847
10336 774
17496 1217
21026 1056
5127 757
31232 1145
14848 946
8448 535
19044 885
2132 788
14384 856
21524 962
25106 1185
14976 980
8320 527
546 668
4420 1128
10917 733
2707 705
10373 520
6761 1190
82 781
8723 1056
4622 823
9225 801
16644 589
8418 1070
2232 741
10291 550
21040 1189
4641 802
19465 771
3269 795
4743 871
2150 752
10771 763
300 709
209 846
1129 1119
3152 950
20548 1051
1060 430
2058 594
7170 782
10752 770
1409 561
4389 636
2277 540
3238 516
116 718
1636 972
12366 1190
4684 1211
16436 610
24 415
10254 661
12803 1086
2193 487
11393 624
108 900
12378 1230
16428 616
9259 691
6171 660
2584 729
11784 968
1313 435
2280 584
10407 602
2697 640
3207 687
10322 849
25168 994
17482 1295
8772 892
21032 987
30742 1177
6150 772
2565 579
8196 380
1712 835
159 623
4250 972
6784 837
16512 527
8243 700
16941 826
12329 680
20489 860
25232 933
8330 885
2127 739
552 614
24583 719
29188 1112
5268 828
12420 732
2636 1102
10817 873
58 586
4612 774
5380 755
8408 1166
2226 654
10340 796
97 617
6712 967
4637 978
17932 884
8710 963
30720 976
8416 934
4755 947
20610 1070
2160 745
14352 848
10763 721
17414 630
3748 720
2206 692
22664 793
6732 1259
4657 950
456 1248
16705 1025
2324 603
3248 785
625 937
4164 864
16936 803
19458 753
18945 813
3236 500
118 714
12368 973
16438 574
5160 824
2594 628
11794 893
4368 691
5312 1121
3219 655
2186 816
2689 606
8782 1128
17472 949
9248 558
3101 676
6160 658
9734 786
15360 730
1706 1104
4240 769
9320 1226
16973 1046
20554 1274
8231 610
18980 823
19 437
26628 680
148 406
1668 667
16468 876
76 743
16950 729
12338 1000
20498 1095
9219 717
5633 794
18689 510
6802 1016
6279 650
17536 735
6741 948
10317 1025
8747 940
8867 1028
6249 1169
21572 1107
19012 947
1091 997
2083 364
18451 597
3602 929
14864 1059
7181 937
682 838
1171 853
21636 926
8293 735
6228 1019
7744 1081
574 657
12292 685
6409 830
16594 1061
676 604
2720 621
3738 1186
22584 981
1556 711
17922 945
2741 681
653 640
17024 867
4174 1170
18506 1106
9289 835
6217 1153
22565 944
1573 657
872 1183
357 1041
2106 679
11306 1028
14370 878
1037 697
7432 885
633 1025
3087 729
22541 900
18953 804
8200 494
16902 838
610 895
7240 1280
16961 910
10277 505
24612 594
5664 796
12824 919
27158 945
23561 817
25093 780
8358 532
11912 1148
3144 1148
5146 937
3597 837
6662 923
146 592
1666 922
5248 757
6753 980
16466 933
5712 1075
78 944
12336 832
6692 875
21011 1108
20496 951
9217 548
329 1161
260 520
4275 631
18580 749
20561 964
8262 771
18489 628
1049 712
2071 555
11271 607
20998 1060
9728 866
1189 476
1167 795
4212 967
9808 1089
1080 718
1592 819
2096 343
11296 654
7190 935
18440 648
16389 491
21505 823
20800 1156
1296 684
16584 1107
183 469
17073 947
1195 580
2730 904
10920 904
662 748
3728 891
6226 1046
22594 1110
7232 1060
4123 793
26644 781
16395 611
1542 600
384 611
3329 712
8852 716
4720 1051
19041 851
2137 984
21521 926
8424 1159
549 583
14360 863
1480 1393
4425 1259
4300 1123
6337 776
10912 768
10376 816
6764 1263
87 731
17944 1003
8726 1057
4627 953
9220 547
16720 1081
2824 810
16522 840
18533 811
600 1049
14928 1107
7728 923
12834 1006
16917 984
8211 686
18960 965
518 664
22532 911
3264 1085
8368 559
10381 643
10796 740
19474 807
17421 720
24579 737
5320 1330
10896 749
1067 511
5153 594
17440 483
9746 1033
7177 912
10755 741
210 992
4263 645
10888 972
1130 1230
20577 803
19036 1181
3626 972
18471 561
14884 987
2067 485
7684 885
11267 567
3368 529
4372 680
712 1099
2244 817
1216 946
2198 654
3221 634
11398 745
103 691
3139 707
6194 856
16423 523
9252 450
35 341
31248 1225
10245 469
9600 812
1316 399
10402 737
2692 617
3202 860
8777 1037
6155 699
8193 369
21513 861
6149 645
8335 652
2122 970
2629 877
3640 889
557 669
24586 689
2341 604
770 638
1681 820
16997 824
16481 800
53 359
9230 719
13824 952
784 707
8881 854
11405 804
10378 956
89 902
21068 1309
10802 845
2605 715
8728 676
4629 964
3397 826
4752 957
3164 1210
4648 820
14355 697
10764 813
17413 541
8709 789
6416 713
16561 660
18570 908
643 775
9857 935
17012 857
7213 669
1563 874
4884 968
200 896
10898 824
8835 1022
1120 862
3632 709
1069 717
11808 755
2051 339
4449 734
16602 1260
8904 1218
3233 480
5165 865
5648 965
12808 850
174 471
3216 777
2189 679
2668 1118
16454 858
6185 755
12304 816
2570 726
2849 634
232 1023
4245 788
1112 1148
16976 1072
24627 784
8234 678
18985 820
29220 832
23576 1003
23060 1208
25088 924
7360 936
4259 637
150 565
6293 658
1670 667
5252 807
16470 908
5704 1257
62 516
16948 981
12320 680
6684 1041
26631 603
28677 942
9536 1178
17043 1018
6274 829
16493 975
9824 1082
16981 853
19522 981
45 453
4113 646
277 348
9368 1038
1157 628
4208 929
1096 930
1588 713
2084 229
18456 725
7186 902
2405 1089
2229 478
98 716
5192 1236
2614 729
14343 783
280 690
1281 679
9472 713
9928 1448
697 793
9357 771
4237 751
18560 585
565 712
6709 1005
24596 702
1248 1063
2744 821
18608 564
22678 1151
656 777
6212 942
4669 943
1576 756
22560 884
1416 939
4396 600
2264 1037
3241 599
17545 752
12933 931
16407 724
12818 1165
6673 950
16716 1204
1754 1479
4296 1092
2179 575
20609 872
636 1065
20502 1056
22544 977
8205 513
18956 888
3082 884
226 934
9410 1319
16535 775
1106 1060
8224 384
27153 658
2380 1230
160 292
6285 792
1640 1170
16978 1088
22605 1118
16440 647
24629 556
10262 692
12310 955
1377 704
2884 1094
141 580
16461 989
24648 1021
10306 822
8756 875
6695 854
28709 742
21016 1191
16898 909
324 1018
801 655
4278 717
8810 1102
18484 705
1044 468
20995 1024
1159 636
6240 914
594 1007
1098 1226
1586 875
18458 773
7188 809
1293 695
186 810
689 779
1190 483
667 921
9349 616
4229 662
8298 1098
7237 1089
4126 839
26641 573
1547 757
16390 594
2440 819
2138 1042
11338 1208
4704 977
2117 733
25123 1018
13328 834
29192 957
6437 588
1744 1184
3760 865
16544 531
24721 737
20516 878
22554 1009
3096 801
532 657
3078 643
20531 789
12839 875
29200 1281
515 659
23040 1057
10386 751
10852 902
9290 1346
10791 780
17426 759
28680 872
3586 782
8520 1166
8357 460
2144 632
21088 1109
1075 562
5149 628
4268 592
10883 775
7298 926
8800 993
8259 777
1054 744
4452 718
2241 805
12448 649
3224 1011
106 962
1626 1323
12376 1186
5200 1054
16426 523
9257 547
30 580
10240 378
2372 1073
192 464
1180 738
18540 1033
8288 744
585 995
1089 858
4132 537
18449 633
8843 1036
12419 835
21516 964
3333 587
2129 738
10821 899
29186 1243
21640 993
8324 532
2119 749
542 709
769 628
11402 1209
10805 727
2602 707
19482 1019
9229 655
2412 1234
16640 590
3688 1210
3169 943
10295 596
21044 1204
4645 827
10787 744
14358 1019
10769 678
19461 565
8361 593
10388 586
20624 1053
2154 962
9762 990
10775 792
17428 624
3588 664
205 748
8342 640
1125 921
14406 1026
20544 1021
2054 414
2817 600
2273 507
7322 1166
112 683
1632 947
5210 1303
12362 1178
4680 1184
16432 581
10250 754
12807 996
8928 1014
2250 1090
171 505
3213 784
8788 868
16451 789
6180 652
9242 976
2575 692
12301 707
8387 673
11840 967
3113 768
2569 643
14854 1047
4254 856
16516 552
8247 627
18994 837
16945 969
6689 840
5272 999
6273 628
42 502
4114 808
1354 1340
11432 1089
12424 761
2632 1058
4616 826
5384 859
2222 508
4769 767
28800 1002
10344 1010
93 958
5696 1052
6716 967
4633 962
17936 965
14348 817
8714 1004
30724 1011
1284 693
692 603
678 605
3736 1074
9864 1100
9352 1016
4232 741
18565 536
6234 1257
560 620
1558 698
24593 720
1250 1203
2754 914
10944 902
2202 882
22660 979
25728 800
6736 1087
4653 830
10283 593
2328 739
4289 721
3244 619
7312 861
17540 588
11906 1063
122 1024
629 834
4182 1019
4168 924
1602 1078
12352 894
6676 985
16402 705
18949 849
2172 1040
18528 845
20509 822
3089 556
525 623
6 297
5316 872
2182 574
8786 1099
17476 976
3105 513
31252 1228
6164 755
9730 1056
4356 725
736 879
1232 1121
9409 790
167 392
6282 882
6790 940
20558 1283
22602 1309
12850 1101
15 475
26624 623
6261 650
28704 976
5637 792
23554 1002
1344 1158
12434 1039
16988 1145
10313 983
8743 721
6245 979
8272 749
14868 1085
394 824
2369 1053
1175 647
3722 1152
9346 933
4226 801
21632 981
8297 926
570 831
4129 522
1548 778
12296 702
18434 627
13314 866
5448 947
20744 835
8858 980
25109 860
5130 882
2217 472
7306 1133
136 412
17028 677
4196 887
4178 993
1616 995
4660 963
22569 749
16416 431
28695 1108
876 810
353 1022
20672 903
16549 476
18518 955
2102 560
25136 983
14374 916
1033 645
3075 644
25600 588
1728 1139
8370 723
16528 664
24705 631
20536 917
22538 959
27142 881
229 462
1202 858
614 806
7244 1298
16965 832
20528 983
10273 447
5660 1049
12820 1026
14418 1066
3140 951
17433 626
5142 869
6666 867
3593 811
8544 1026
10886 895
8805 841
3628 862
11816 972
1051 874
2069 416
11269 547
808 719
264 669
4868 833
18584 825
1144 1152
20565 968
8266 1094
18467 507
2075 674
11275 723
2377 1212
197 789
1185 616
3712 805
18545 769
580 836
4137 660
21509 860
16385 418
8848 943
2644 923
6147 716
5120 638
8449 522
8856 856
4724 1068
2133 794
25107 1072
2916 807
8323 697
4421 1131
4304 947
10916 744
2706 974
10372 543
6760 1245
83 784
17940 987
8722 1047
9224 798
2820 656
18537 1001
604 1087
24602 719
8215 691
18964 999
16913 947
23049 982
22536 926
3268 1095
4742 883
10770 845
3340 877
19028 1023
1063 423
5157 629
17444 510
7173 741
1408 792
4388 623
1264 1125
2276 527
2760 1009
18624 827
117 721
1637 942
4685 1169
16437 636
25 430
10255 625
12802 1080
3364 440
2248 1045
2194 646
11394 1000
5177 630
6198 903
39 357
6176 566
2583 720
10249 601
1312 677
2281 588
10406 608
2696 761
3206 705
8773 846
21033 972
6151 775
8197 399
2564 556
1229 844
19600 869
5258 1082
18993 931
8240 485
8458 741
8331 725
2126 1019
553 642
24582 758
29189 1090
2345 784
4314 1236
2712 839
5267 917
16485 744
16993 902
10818 972
57 448
9234 747
4105 640
2227 492
10341 805
23628 1321
6713 938
4636 1013
8711 965
30721 705
3393 799
5377 652
4756 920
20613 910
3681 964
3160 1181
19468 866
17417 691
10760 822
6733 1214
4656 929
10286 629
1418 971
6976 927
129 284
4189 1186
1609 1145
4163 841
16931 878
16409 641
5656 1031
12816 1069
9024 1144
5330 1276
3237 519
16439 584
5161 839
2595 600
11464 1265
178 588
2185 662
2664 1078
8781 1063
16458 1049
6189 801
3102 755
12308 821
6163 851
9737 845
4099 660
236 570
4241 738
1116 1160
16972 1111
28722 801
8230 598
18981 830
10268 652
23064 1207
23572 796
18 422
26629 559
1227 949
7364 956
154 802
1674 1100
5256 944
16474 1099
5700 1059
66 704
12849 994
12324 693
6680 1011
20484 858
28673 907
18688 610
6278 874
17537 610
6740 1103
12880 1079
10316 1035
49 290
8746 946
817 685
273 524
8864 878
1153 606
1092 884
18452 681
3601 694
11280 675
7182 923
683 815
1170 850
8292 723
6229 1022
12293 703
1384 744
2312 768
2727 673
569 724
4152 732
6705 966
2740 683
652 667
17025 814
19584 815
9288 1222
6216 1132
1572 661
22564 935
4770 823
5180 643
2105 554
14373 771
27168 746
7708 1059
538 871
1034 794
16712 1192
4292 901
16550 519
632 1061
20506 957
3086 790
22540 956
8201 500
18952 863
16903 728
6464 1148
1209 536
16531 809
1102 801
10278 582
8220 564
2432 623
8359 539
18064 1032
3145 1166
9792 1078
17436 810
3596 858
6663 851
2880 1080
145 398
1665 726
6268 1245
16465 875
8752 870
6691 820
21012 1184
328 1119
261 538
4274 632
9314 1138
24656 909
20560 1087
8263 735
18488 733
18462 798
1048 706
2070 552
20999 1042
11270 628
9729 817
240 851
1160 747
20581 794
8286 1036
2091 529
22784 881
182 453
17072 954
1194 1024
663 747
7233 1069
4122 850
26645 616
16394 627
1543 609
840 1188
20644 724
8851 982
2134 852
3652 1014
5139 833
21522 1131
25100 729
14978 1043
4700 1267
2113 666
548 526
6433 645
20512 844
536 705
22550 1117
3092 572
2825 648
16523 629
18532 888
601 1022
12835 992
16916 969
8210 674
18961 968
519 669
22533 926
3267 776
10382 721
10856 1137
9768 911
28684 887
3154 991
1066 806
17441 507
5152 642
7176 900
10754 954
4264 507
20570 1313
9304 1233
18498 885
18476 708
3621 687
14883 884
1058 550
2245 704
1217 1058
2199 529
3220 647
11399 707
102 675
5204 1071
12372 995
3138 958
6195 718
16422 598
34 292
10244 458
10401 483
2691 628
3201 706
10324 828
17484 1196
8774 924
6156 763
2563 577
19072 710
21512 946
3337 703
20736 858
11426 1004
10825 1089
2626 868
558 618
25111 876
2340 593
6308 548
1680 885
5262 956
16996 898
16480 797
52 310
9231 715
4618 802
4428 1269
3296 580
8882 997
11406 884
21122 1136
6769 934
10801 686
2606 696
3396 1198
4753 884
20616 941
3684 988
21048 1093
4649 830
30738 1169
14354 988
10765 736
17412 540
8708 775
297 692
2305 559
9384 1024
18577 550
644 612
23108 1145
6200 819
4145 684
22576 1001
1564 800
201 1018
8346 907
8834 1101
1121 878
14402 1014
20540 937
1068 697
7178 950
2050 330
1324 524
17457 610
2592 554
11792 769
2254 804
706 1010
175 484
3217 780
2188 676
2669 1121
6184 728
12305 822
2571 657
8871 738
3117 811
6158 837
14850 1086
17168 689
1222 704
4258 589
151 585
6292 857
5253 755
22612 1147
63 524
16949 992
12321 686
6685 952
26630 788
28676 943
20481 832
1690 1145
17040 1014
6277 683
17538 888
46 466
8749 660
21009 1176
4110 756
812 715
276 553
4872 851
1156 622
4209 932
8278 822
1097 1103
25152 1004
2085 334
18457 728
3604 735
5388 880
8400 948
10348 1027
2613 730
8718 752
30728 931
14344 784
1280 673
696 791
14482 1005
9356 776
4236 795
9860 743
18561 479
6230 1067
5688 943
564 695
6708 993
24597 712
17928 871
2332 763
4172 1106
6729 1195
18500 884
7205 709
16924 1011
1417 638
10440 1068
3240 953
7316 893
17544 971
12932 947
4186 1210
12356 927
4674 977
16406 710
12819 1160
6672 941
8512 1018
2176 320
16908 866
521 591
1025 372
227 562
16534 778
14420 1039
8225 429
27152 904
4352 665
163 483
4248 811
6286 864
8239 549
18988 834
10261 502
11 495
1376 706
2885 724
140 574
16460 1048
10307 762
8757 698
6694 860
28708 871
21017 1078
20490 982
16899 858
8268 964
19004 747
18483 557
18469 600
14876 970
1043 628
20992 1039
8584 796
1158 778
6241 938
8276 762
595 908
1099 863
1587 874
7189 608
1290 885
185 478
17075 1010
2736 689
1193 564
1179 847
664 833
6220 1175
22592 1078
4125 768
26642 843
16393 556
1544 744
18438 688
20740 883
2650 1129
5134 887
3250 930
2213 413
17554 942
7302 910
132 302
4192 838
1612 1190
9281 691
4664 957
12342 959
16412 681
28691 1100
6436 581
17616 1190
16545 556
24720 739
18514 935
20517 895
3097 804
533 680
3079 567
20532 1003
24608 583
16919 812
29203 1172
10853 890
10790 790
17427 760
19472 665
1072 457
10882 1107
8801 910
8258 864
1055 686
9752 925
714 1222
2242 893
1210 1086
105 866
22620 1346
4693 928
6192 724
16425 566
2589 738
10243 513
6659 813
2373 1085
193 772
1181 742
3716 698
18541 1036
8289 741
584 983
9800 1285
26672 663
4133 600
18448 615
12416 745
2640 917
21025 1086
5124 705
8456 697
3332 724
2128 729
10820 948
11328 946
29187 1108
880 1101
2912 1075
17602 1268
8327 585
4709 953
14368 726
541 722
768 622
4308 972
11403 823
10804 767
2603 660
9228 713
18700 775
6352 999
3276 1315
2231 541
4758 983
12944 1120
3180 1200
10292 560
4642 826
10780 758
17419 694
19466 976
17216 1127
8360 741
20625 976
9763 980
10774 877
17429 630
3589 651
5328 1165
206 961
8341 517
8833 863
19024 1013
3634 803
17448 696
21544 745
7692 949
2057 390
2816 622
2272 691
9880 1111
113 698
1633 920
4681 1187
16433 612
21 297
10251 589
12806 1095
3360 404
2190 681
5173 614
6172 845
2587 696
6657 807
8386 1066
8874 1051
3112 752
2568 628
14855 915
2853 658
1715 958
4257 591
16515 699
18997 950
8244 495
16946 999
28679 1034
6272 670
19524 1020
43 505
4115 817
1353 929
2349 768
8992 632
17059 912
1689 834
12423 860
16489 935
21072 1185
8732 691
4109 708
4611 813
4768 795
10345 995
92 952
6717 953
4632 977
8715 931
6404 784
9474 757
17624 1387
691 922
9351 676
4231 805
18566 756
17008 1018
6237 1106
563 841
24590 688
6500 676
9930 1535
2203 631
17562 1151
18578 811
6737 938
4652 841
10282 762
9890 1091
626 967
4167 863
16935 658
6679 890
5652 997
12812 867
18946 757
340 1040
2173 1035
8306 835
18529 771
20508 995
3088 550
524 616
7 345
8392 1155
2181 424
2660 889
8785 880
3106 650
6167 749
2578 821
9733 681
11778 1062
3464 995
4357 693
9408 1195
17584 664
166 365
12851 1036
12316 819
23068 1222
10264 631
14 496
26625 505
3405 859
2860 736
18696 763
75 957
24642 901
16953 927
23553 841
1345 1161
12435 936
6744 1293
12884 1080
10312 990
8742 973
8868 673
9360 810
4200 1078
592 911
1580 786
2368 1038
1174 645
9347 769
4227 760
21633 890
8296 962
571 834
1549 760
12297 672
18435 525
1380 494
4400 685
288 507
2316 788
1289 840
9920 1258
2723 634
675 801
18568 771
4156 775
5681 898
6701 846
26657 479
1555 860
17921 764
1240 1341
16578 1018
2216 668
137 558
19588 663
4197 911
4179 891
23112 1335
9284 904
4661 980
22568 919
16417 473
28694 1136
5184 1010
2101 446
20518 771
3098 950
1030 544
3076 456
B: 2722
